# name: M2_D50
# type: vector
# rows: 1
# columns: 2500
-0.09594371581577260111 -0.11991617918495624251 -0.08350195534735595226 -0.14537886596007629225 +0.03940487721675148269
+0.12119542384578328720 -0.10370803866249207748 +0.08058860312824638050 +0.02263514826503194854 +0.29630585982932977629
-0.08365807024492920296 -0.09763701263103972960 +0.14047532549412844460 -0.20600459407764035169 +0.01867174267080191907
+0.02739422117058528186 -0.08031953887063851549 +0.01845744804295987654 +0.03193175335558132155 +0.03921853139948925510
-0.12639559534159566789 -0.21614062029049430080 +0.11333146811286333444 -0.10444361635382393150 -0.18216353917950145469
-0.19241348635694469071 -0.01938922325944626365 +0.03282125304703152613 -0.01497274909480497337 -0.13970684005907335612
-0.08016498605975880265 +0.27848282977320681919 -0.08537647170235064531 +0.02204977264007045371 +0.21727078616914935472
-0.18903044118262479767 -0.02104952203821822132 -0.22888644000319041671 +0.17863319083295278733 -0.03812953738884380245
+0.34000452528806651697 +0.07046421137643726906 -0.15493730184888718227 -0.02214700878871567191 +0.06456130052332426095
+0.02461801852543157171 -0.22974262586700827660 +0.15643331157617179628 -0.14390384470258135718 -0.22543085535834528343
+0.06240722125011216592 -0.15397584151198251412 -0.24667161496942316412 -0.38068832580055950165 -0.18221727820263239339
-0.01243843357988415332 +0.04074351004550494371 -0.23618537359396624131 +0.00726604551375049142 +0.01507170935531597540
-0.21302087616218337573 -0.08900795111992049202 -0.12848044186396664901 -0.11904698625721482630 -0.06460966924356663366
+0.07386942347027226907 -0.01330583569844818320 +0.00690912576022541160 -0.22251178584730049725 -0.02353148042625650277
-0.01823248644463696180 +0.28433858588624255637 +0.28693903451647001512 +0.16369587710923713675 -0.04804209219010551618
+0.01306115270131118569 +0.06561194602367922957 +0.09950204014618838078 -0.01610527672326587598 -0.10553046684147437961
-0.25450627263176961446 +0.05374198567514665292 +0.01823796540755765611 +0.10060611460181922983 -0.04731147503686949224
-0.09309096321936301266 +0.03080398856709389011 -0.05625964896931540810 -0.28314609463659012878 +0.03110619719221277557
-0.23907761793523810145 -0.01047955148971579931 -0.04557899831163510218 +0.01763348313970410780 +0.13158896973517358875
-0.08815877372295499725 -0.16147092069653953827 -0.06862661331522222630 -0.03433578675402011032 +0.14924395530361303508
-0.00707789554133488735 -0.21793559503017162493 +0.11749506437548130899 +0.00124571478568183056 -0.02538597799297321461
+0.02671038834820933794 +0.01216573523416364898 +0.11245598617953304899 +0.33763074992351310710 -0.18688465739065945881
-0.07987939502966417971 -0.06912265768256035947 +0.20753014635048205871 +0.08134957965563485716 -0.00644114104269571074
-0.10778251863241825048 -0.24994023437529461207 -0.24947208181512312009 -0.07425028506802787420 -0.08145559494848830795
-0.16254110766673510180 -0.11481682185104007121 -0.00096602332880475240 +0.06305149033488263721 +0.22193027518867966541
-0.16616882846966829490 +0.00340805659464074595 -0.26010931018465305309 +0.02536641636673196351 -0.11485306559845649688
-0.04118376901787536293 -0.13698117183108693418 +0.09329869456949951845 -0.01823323878115741536 -0.06567111143842335741
+0.03567541639339097403 -0.04575384819910788964 -0.01698934686253339085 -0.27392268053264157146 +0.13171076680811819037
-0.01146776845025966260 -0.04968701017397555986 +0.08356809333224878011 +0.20529334345214242386 +0.19393294152678597353
+0.23487206527200094053 -0.06721989965585045690 +0.25946303756680966224 +0.07341918720897554207 -0.11264623573307022686
+0.13659167791258605695 +0.18339651181791397083 -0.12025279506309710653 -0.17967249234881726982 +0.11677194871248364194
+0.00628361487701956795 -0.22402026205654676505 -0.02921225254790783821 -0.28359128689637230769 +0.02045899719396917713
+0.10150053596897395947 +0.18755856607863208296 -0.02658646813200988071 +0.02568516147348080120 +0.11867742956933088894
-0.07972190521115203599 -0.00028158775726098290 +0.00143327796838107688 -0.06652210901453840808 -0.08265681518906842218
-0.15407625384009504543 -0.23029588342599699446 +0.09836515203814392982 -0.10340760924593236925 +0.01357001997482860239
+0.35472628276172724071 +0.15461901496118005128 -0.03842849900622700987 -0.17846431561448311554 -0.04537718963986887843
-0.01949932251090587959 -0.00461860001443589741 +0.28182038932735214987 +0.13283842146841848275 +0.15223165445450353994
-0.10780300523995051121 -0.04827810145870870678 +0.07229304831224975247 -0.15473616682983562520 +0.03356837312281035768
+0.06506902509165800319 +0.02881744116072074147 +0.27004025218809596387 +0.03448411270817918622 +0.04002785717104339475
+0.26490347609877379353 -0.10063547157362368045 -0.09587181614408762931 +0.20101933497680529728 -0.13725315412321231756
-0.14456870976174934773 -0.25612270273085613326 -0.07219817635679920409 +0.08275625494692212536 -0.02371219465044170638
-0.09765013435077404824 +0.04162472830864905049 +0.00866635967879835628 -0.11606552362678367041 -0.04187967349909221121
-0.07420558275155304806 -0.07781345271643104466 +0.06878045206360738906 +0.15407299682418434950 +0.15002046109052241674
+0.45895164657688708454 +0.13273157853063871636 -0.14861631004352623964 -0.09742296292585958528 +0.03231341591358362353
+0.11155238100931276490 -0.02925345425567259933 -0.01464152831125691348 -0.10052622819910879415 -0.27379437539838974436
+0.11929130922667241510 +0.15153923733589635958 -0.19809527057768677727 +0.06962981908319604285 +0.08831889586919702828
+0.14429686910263925248 -0.14636497625494987451 -0.02584076533471189874 +0.11051976169347035861 +0.11178842449876580378
+0.08181153231716112306 +0.09655896821510047412 -0.03692976839641488873 -0.24278368107857536962 +0.11334490229217969448
-0.02002862188720225256 +0.17393317721262832598 -0.26491110180537719154 -0.15674767456472257776 -0.15952815366190814528
+0.13485987472181834579 +0.01217923974027427907 +0.00241891712287538307 +0.04718282465518339186 -0.18712260284539963817
-0.10012452275969595250 +0.22721994479284526869 +0.06712067981427710661 +0.00206921113204927565 +0.12187798446307823719
+0.00573395940501140143 -0.02184010737794557511 +0.27444239075689014218 -0.01097894477173678822 +0.14803984361992278407
-0.20029940866034412483 +0.04479621946490798534 -0.08182745686374270910 -0.17775125709292236009 -0.08288851897109547617
+0.13613643991646759424 -0.18617163476466985772 +0.08473049495628454109 +0.03209688159638628135 +0.25805046550950372364
-0.14495137404124053271 +0.11607683926160651533 +0.13642223717449697418 -0.24279763138118221066 -0.03739815173820676408
-0.07708536266160551098 +0.25235051416749088027 -0.08865260257570992120 -0.03061230767890953455 +0.26092298132605845629
-0.05444059562319669004 -0.20559764170378888593 -0.01944314295017767272 -0.02012395690456886266 +0.14104350563668446861
+0.08014542332563964755 -0.10113255838685446253 -0.11110417030612287914 +0.12352377125882244013 +0.18611566856553493632
-0.31211717899423141453 +0.00182939161619481705 -0.02695315276427440523 +0.30355315042905578471 +0.05387529644871346529
-0.00721957232482686034 +0.02540248841608736680 -0.02421176394738213875 +0.06276219835281413029 +0.05169190386403311327
+0.05757028886930437572 -0.02918738578266584158 +0.07078054054143177731 -0.08368514016617015217 +0.00854849415060972978
-0.29255349867815882980 -0.01029693008978567297 +0.17870790198033412177 -0.22066726370351086306 -0.03930971643369571278
+0.01245230072215502276 -0.12080324149108181975 -0.05343284729956670337 +0.05355296658098324114 +0.01933183646436953743
-0.23561595854912470438 +0.10265804277006176926 -0.11021027208636596795 -0.15638062784137851668 +0.19402459051139026025
-0.12136530570088763237 +0.30382638679167445206 +0.02143898777100267453 -0.05887650534559391718 +0.05165516172115577898
-0.00336763585399990021 +0.03816697351833223811 -0.46589306095864846391 +0.05255328458339054987 -0.01729744739578665397
-0.05795361753992577664 +0.14772635897166364050 +0.09786908493304949386 -0.16622899407738703226 +0.05250434292531457742
-0.09315633879868644163 -0.04802848942429645968 -0.06993092095417829945 -0.05777297604073190762 -0.07675263230278166204
+0.32113261918212138157 -0.01326537768094723097 -0.09287334554847341550 -0.00548479115766990419 +0.08707103518059733371
-0.14308502941742323733 +0.23467450077645421458 -0.17152346147485500460 -0.06180042324233515905 +0.03059662474798051368
-0.21471819339966916051 -0.01496981663077506103 -0.02825036910378819766 -0.05496555098906037023 +0.16266930897968087666
-0.13940808173663285507 -0.04910258953275104671 -0.10671186646129145192 +0.11459883208930202181 -0.03518234747465999457
+0.05417454149741582348 +0.19319111175187414498 +0.04784074127612818889 -0.04679808574863494192 -0.26542750481330923407
+0.02915665298098100988 -0.24105113756660898061 +0.06979156660015888025 +0.13805487200459104491 -0.08845401324100388152
-0.16751332331142398946 +0.06963758508187997687 +0.16923540991045402104 +0.09205562779510281790 -0.05285178019995415838
+0.16237533964404080034 +0.32244036054744518172 +0.02109993185830619927 -0.12530836783391061107 +0.07679099616063113365
+0.25829863606865971493 +0.14993170842581182711 -0.14469714628747093466 -0.24053381419492622650 -0.20137150377256052280
-0.02605683096920320685 -0.14886371570364062555 +0.06424935502106021712 -0.15599365507532050867 -0.19355175057123014115
+0.15033742980858744165 -0.00019175220190026376 -0.20269987800127275968 -0.12192059755295707457 -0.07448775504942418968
+0.11200999730286348433 +0.05511852110465596116 +0.12176235702833340668 +0.06907990775260815230 +0.16764167913739660976
-0.25925797054355453897 +0.03145790633201969722 -0.12689117359512183669 +0.11082524676276332698 +0.27668341988697042755
+0.13206774791320693985 +0.09771051615927243972 +0.11871954460938385911 -0.18030545706898551406 -0.05723657486999872424
-0.12838248446247912948 +0.05144476025728002277 +0.10819400387415795128 +0.02480196646051685896 -0.07539823790795630032
+0.00124804811409472138 -0.09451033290207477844 +0.05485579777726158623 -0.12544560661682704894 -0.41949758391826397208
+0.07338598449736688512 +0.01688369506159014335 -0.06286911193637906292 -0.05799715352163235804 +0.26753122087516506555
-0.10399602818554384842 +0.22275246826279443413 +0.09408547641067863121 +0.13240229919323795449 -0.20810509553644940262
-0.18976503112007170326 -0.17346933040832879236 +0.20421581138000882705 +0.04039554783098540242 +0.19550362340226545843
-0.01898610488000262997 -0.02313517432314992142 -0.07280867571714744191 -0.01150735584798480253 -0.15857794941197522753
-0.02515680832111542864 -0.02421370418171038541 -0.11245602906959070721 -0.19635446465712821928 +0.04542691852572687539
-0.14087753323806334604 +0.15535678391938270715 -0.05897955903148784096 -0.11235631487890003488 +0.02841805276367579194
-0.30833803462735381862 +0.18151987311550715765 -0.06516723428756200642 +0.08060349102845128233 -0.21259358439987405265
+0.22839428168983819112 +0.23272263486021049772 +0.17984079619326928667 +0.16675632599570841541 -0.03921005034243858767
+0.05885029683947795576 +0.07154107500988902968 -0.15590130364742288416 +0.19369789275618540247 +0.14369846307462616486
-0.01537490365126834707 +0.02314411851710520412 +0.06519521711274106623 -0.09695571864858443245 +0.08864255573425727786
-0.14305470315249074753 -0.02949940415606472355 +0.09241481961137115730 +0.16458201541028261161 +0.06098504419287260891
+0.12442515042637122824 -0.14089732644544197826 +0.06074134987814146236 -0.12588278882616640852 +0.19444947957686631312
+0.02904101450385863231 -0.13005707104706162869 +0.13166318217789807488 +0.02845913131833969698 -0.19327737943618381045
-0.18483168346538822457 -0.14995921117516672338 -0.26228193213417633212 -0.04324019237333533161 -0.01463179247521882546
+0.14543610589544817002 -0.05017043450719102515 -0.18272588715499268885 -0.09155851597057479418 +0.12247687354564665285
-0.03050097429524910309 -0.14131634851327326552 -0.23712038379158134616 +0.03784698903445146007 -0.14677846778214659329
+0.08246650365002460015 -0.07834180575740551378 +0.09320851907729484076 +0.15695159190358495827 +0.04141764924965572053
+0.03056443466884500859 +0.07031039440258550488 -0.00869034922878745425 -0.15388488868830202394 -0.13475660933282251897
+0.23179095994179751972 -0.12443887683914225950 +0.17125378219698961235 +0.08114903480777552192 -0.02368743779632488666
+0.08672743084930098489 -0.09594402657838103921 +0.09686159226013549284 -0.01997213082856476307 -0.21971798506043596633
-0.15196756298521948980 -0.04534875139288480766 +0.16146670699675891303 -0.15427048529371739649 +0.04564328676360061843
+0.02735644008943911853 +0.08031271491558976405 -0.01878049062496347024 +0.18873871967240474223 +0.23244146659561476520
-0.00019749514249298335 +0.26030258347328527613 -0.28809805960470824537 +0.21555623524490763465 -0.14749522931996469910
+0.07340428922997969952 +0.11404558104354534098 -0.36751318019123130343 -0.06047904613620440351 +0.04762200329674366045
+0.00274521040677847689 +0.07488798926609249729 +0.24967108423906203551 +0.03935198540861468280 +0.16658179951084850501
-0.04675985728432539845 -0.07848824345984786732 -0.20700504695667029664 -0.04263933874501737997 +0.14430912912459301078
+0.06374604205003976676 +0.07806533349590773219 -0.27645196927026405298 -0.08872166234542600005 -0.16417362469775123590
+0.01910512467130089792 -0.05008943680778318169 +0.32947752721348494420 -0.00746694799905894303 -0.14713533374478013349
-0.03969838025725641595 -0.18191475466197210009 -0.04674453817351818113 +0.33591016695176001416 -0.02150075452611989457
+0.01095112206739171437 -0.17572283208503222673 +0.08413030722971720499 +0.23649167636837045703 +0.20482921011024660118
+0.20226270000607798893 -0.26003339936212421790 +0.05826241601513776347 -0.11823516801462910508 -0.05804395479134304148
-0.02348812113887075587 +0.02462261492579451150 +0.00854528300069300716 +0.07275476214904386119 -0.03787255700460508828
-0.04055649308166544426 +0.11737445762745625510 -0.04605023133193675983 -0.12397768753016184806 +0.15337162855434929853
-0.04161683183448248308 -0.03746153878422717187 +0.02354510397576422415 -0.15521671422658900319 +0.03166043295307138100
-0.05419318780906887123 -0.24090316337322412177 +0.07985968999781463407 -0.27275561636341194571 +0.04010155730462023477
-0.01743508258972321923 +0.00215758217386177124 +0.08928809304260976187 +0.01712778388560758092 +0.29149685207181236235
+0.25271053813824156942 +0.17269979732466458899 +0.09144849021531961664 -0.07753175657994954006 -0.03596111064366663140
+0.37028355971670945390 +0.03065374216813655794 -0.21930613964208131583 -0.00913643472980391405 -0.15146925660431179161
+0.00312274364783765579 -0.04651166032065615769 +0.26756581235962273446 +0.08586978627373623163 -0.06847495338619638550
-0.10782231426627794657 +0.07325500899546757982 -0.00798333306248621456 -0.18211252785711815050 +0.14795013278729679529
+0.03651623579109686962 -0.04107235781730836366 -0.08426484712490664442 -0.17147733095875028475 -0.18114591305425312151
-0.00667592848123062504 +0.22350499957958880337 +0.10514128199774677719 +0.07622938954521098209 +0.15171000721080404872
+0.16659634086118710328 -0.13652401759323209984 +0.15011592919643410027 -0.23869273140997593341 +0.01335645920257703435
-0.03562892300945633139 +0.03931962963656782106 +0.09188912208977677298 -0.07062648210215145828 -0.04448498397817081396
+0.06905438214261000462 +0.17051770790821535462 -0.16222633727157398376 +0.04149097132483322431 +0.26928306887375341727
-0.07710369828645025070 -0.07788314454767228390 +0.04330399052920146097 -0.25087273534566739697 +0.07609374955763940906
+0.16135817325354503970 +0.20950446544698342333 -0.05521165377262909901 +0.37367060237761140495 -0.15944100868584884512
-0.14334925696637787484 -0.05159436887893289331 +0.10027558838733245661 -0.04202300575439791436 -0.00921782456458085722
-0.16542374294608025442 +0.05022152611903821923 -0.12314576921058732750 +0.03820831043545391825 -0.22915294613514308741
+0.11327019084043504771 +0.13508588772732124661 -0.10014643326372736631 -0.08230238461091683722 -0.01023021514001785925
+0.05682420786960575010 -0.05545742512203986202 -0.07532180127157955818 +0.07481320922104264803 +0.07412961516267251028
+0.00090374285255195733 +0.10128501665435624135 -0.03907722048885287069 -0.25219511480974626805 -0.03125125286047753664
-0.10788417663175550731 -0.02810122016733208189 -0.13522345043302841372 -0.05298649510326558509 +0.00915795256015615282
-0.25736798963167956122 +0.30885145335093899810 -0.20117203535499506017 -0.08708089066931046229 -0.35820447257695831045
-0.00546067583628374875 +0.14208298978800856793 +0.04272297944692116795 +0.14609573220461094523 +0.01333059477744177011
+0.05995869268873750546 -0.12615859213290972485 +0.21019742878403818720 -0.02170473852491154945 +0.03292554075772177041
+0.09940492543404329251 +0.03961251582273762201 +0.11261913221015991404 +0.01890261581837435548 -0.09899787622587548352
-0.11396466874572712402 -0.15678316571460465534 +0.17657139722741066468 +0.21084614211753852087 +0.11573644289345598468
+0.21589784938032921535 +0.25448899481803044509 -0.12380124838339519322 -0.01185376092275498491 -0.08550201962971366865
+0.22557245360140032453 +0.15606293035474100295 -0.22679772883167773068 -0.30799375374837933972 -0.16436173972354398143
+0.08110824394128621218 -0.05777456230130583598 +0.00300827058489482047 +0.11261728086873726284 +0.02420184199464138139
-0.08226081423718638319 +0.20220633200868975976 +0.11362548210327093334 +0.18534701017420565639 +0.08222712133658383049
-0.01678404333276014432 +0.02436786313126242109 -0.07581523007235353717 +0.05726220342693269516 +0.12359091376221388592
-0.19029152369492602359 -0.17290225969603162381 +0.15381500091419389453 +0.05857641436907779636 +0.31311366293693693175
+0.18129343943690590102 -0.15384925605922264435 +0.00416305253827036273 -0.02993703850072359715 +0.06411012779716952770
-0.02205111679105467223 -0.02603955719533090560 -0.03327725924199220753 -0.11386343481741072192 +0.19575917001908332837
-0.11545168535842283142 -0.09672019992848679415 +0.34331064375415287770 -0.06144909173528091684 -0.18240255566233948281
+0.10297543977349965516 +0.10597413091759221027 -0.08206187540874267106 +0.06032580688600941432 +0.22097261359712727646
-0.18157558149356267663 +0.19056011010430740082 +0.08366063593435428547 +0.16562716769014512730 +0.13475621929575495872
-0.00272692660542125931 -0.03346597534032975940 +0.04071249875343116442 -0.08160594179084604272 -0.01975088608313024449
+0.25760938677757472259 +0.03891749183726202210 -0.00165140651254689491 -0.34918849506892696288 -0.10471245506407650394
-0.10987550762677052163 +0.05472512639151157904 -0.03277645601210170401 -0.09152536091800839158 -0.09502875315833700376
-0.04110585486003456163 +0.02640046155989709403 -0.13896620005489804250 +0.10435491039685801384 -0.05426178862592805768
-0.18831975664168187912 -0.22070516446508106623 +0.07481711194057288905 -0.09864954418684479531 -0.27235413894319748795
+0.05194154019769437608 +0.02725017737604731177 +0.20346081402541948968 +0.03314217156120630170 +0.02409022139891027828
-0.06566876034683921670 +0.09895371265634476943 -0.07074761054744752031 +0.30304121015296886510 +0.09307724460561790647
-0.05727383413571864035 +0.30300977074302665182 -0.09339234586257420812 -0.30657138837198000259 -0.01386676865744032594
-0.01515644425782478218 +0.30468262804405421562 +0.03189846407970730463 +0.03783664261955293345 +0.14744554619704502985
+0.00307465676753896494 -0.03308842514591173178 +0.38608673892068834377 -0.02146542738167811840 +0.08717450187300079811
+0.31591145618587040955 -0.00243172445404055831 -0.18539422520888293455 +0.16054590267785159852 -0.06816599951446104810
-0.05440906876613341159 +0.12555460806847995592 -0.26640530421740221678 +0.08476752621964772638 +0.20799379179879096124
+0.00065069345263332832 -0.05390509967450014817 -0.05504303871410270999 -0.01296647631231069575 +0.08224362784101474366
+0.11823126340935831424 +0.20782391480447004461 +0.01325394008765632368 -0.10600587387424918739 +0.09933582994524514653
-0.18333951246313914818 +0.15862478766436946542 +0.07647682365889697798 -0.07365148459507533940 -0.01188014426816351790
-0.04237515455026495681 -0.06848433121158015169 +0.10149011535355841052 +0.12192095356545179508 -0.10587511271310320882
-0.00749281435925489882 -0.02641265162374578299 -0.12631256189057987749 -0.00212306063801166386 +0.02652925613438977120
+0.09811863185459857029 +0.09457364269627645259 -0.12305787509099791466 +0.03477080361262400998 -0.14823954529199870334
+0.14135269332725167168 +0.02853106426143814725 +0.12599551326988805977 -0.08359649538415621361 +0.08432922038994115910
-0.06951467962399451861 -0.01362532952320075208 -0.12209230554901726040 -0.33152343261253297557 -0.29234321587943407073
-0.07909676261361132943 -0.09819414619121312471 -0.46110178881989360988 +0.14081038805075063447 -0.16265776646294197172
+0.08985653299447662889 -0.18158871515447233547 +0.00728618065013724413 -0.08391680630252933148 -0.12621110440938759778
+0.07446457582692546373 -0.11811681247579200460 -0.09067998505422743272 +0.15315637273290305664 -0.09988415870543469743
+0.17341971389580612684 -0.02307890882727433451 -0.05048890022481947182 -0.05341523285202903759 -0.16719087216863035006
+0.05615234793888103371 -0.19713748170221942480 -0.01559525145650945965 -0.14655183454542730637 -0.02052656415146258961
-0.08097598352662160881 +0.14873417864129703791 +0.01620459641272026241 -0.04451297724640661257 +0.02145463386947767809
-0.17346721328505293469 +0.06151079349420986164 -0.24886636870202263894 +0.04559441934751815029 -0.14006897196642981163
+0.03866403549862600098 +0.20951391102392374899 -0.13828522840843451847 -0.10812045190039987208 +0.22992214613095363074
-0.20679814360228557235 +0.06108830630662009931 -0.07441652271653070860 +0.14374248798017458251 +0.13766085455960375139
+0.00080163810177837080 +0.19834405418331252369 +0.01626777250041415435 +0.41828137699733480837 -0.17862474915461765135
+0.03346012412652416002 +0.12289467456423187885 -0.00457606436817423537 +0.15092659666430977006 +0.01344989896291873266
-0.11005068472971363258 -0.05562349053870470350 +0.14491365881493162293 +0.01191726546537475590 -0.16139425160614245813
-0.22414807533134586959 -0.13818527387982967869 +0.12202828374977395254 +0.11541733198657792847 -0.08076724751707431427
-0.16778365903237890677 -0.05081770893908856002 +0.01036835975225656667 +0.00378342809185448770 -0.09361875733736270411
+0.05111091290348056260 +0.07967112109072638226 -0.04021500993137424457 -0.09651405963434640800 +0.15383213248084626201
+0.07949612523690309518 +0.33457646629862886067 +0.03184654485564189508 +0.04388893800443178367 +0.14678012203235954458
-0.10628633582197037633 +0.25105812191592330462 +0.01423159062073662759 +0.09164232578168263199 -0.13524450395063447594
-0.03215310194536853683 +0.10132000255830674040 -0.05666419372663053511 +0.13702996194887787085 -0.02168298858148931529
+0.03684208422507166680 +0.11606091502890103495 -0.21897371636823270702 -0.13671948688730561905 +0.04841951073803982264
-0.05537183555347910402 +0.03155781418892322776 +0.16046588347347384707 +0.13690819073997634314 -0.05749622075001072086
-0.08149463057617933881 +0.13915912275157082956 -0.13515475099159543482 +0.06560053887854530585 +0.13381963642814381776
-0.34160506904958992669 -0.10444081818002809436 +0.08739159985676851761 +0.00044190835125903008 -0.04497508711653320362
+0.13041188275251638928 +0.14161197348229614956 -0.19267060589885071087 +0.21055681695410966014 -0.10335122262583806840
-0.11179785392688523782 -0.11994920506614492606 -0.18702755006717006192 +0.23206543067619048171 -0.12132371281908142790
-0.16593217979140162388 -0.08544696795122477817 +0.16926631767590999411 +0.11459188780114093476 -0.00437626466558074800
-0.09862921974509333833 -0.36988782919229895585 -0.03139409563661342550 -0.03376941121757083553 -0.12771520238439401651
-0.25798695856311137931 -0.09864797284079736273 +0.20769811684428512999 -0.02033494303318288815 -0.07565509801366282483
+0.16425231756271130301 -0.05575077779816860202 +0.08155338246379248424 -0.19626661148962420977 +0.03550586044696776161
-0.08995516427304396656 +0.19020929169740022346 -0.01239998389853395368 -0.09879727856630279859 -0.11041889498708618023
+0.10587586683677158161 -0.11391080578214285435 +0.00709342054571156927 -0.16631133084890525886 +0.01227186538798258689
+0.11198635711720210384 -0.05789136611387125236 +0.03986319873887835680 -0.04179288952799530693 +0.13936721549410593934
+0.05124676430040307068 -0.15188750857354235690 -0.01183939245659643147 -0.18821958359486801182 +0.34319156705578707234
+0.20372915577832001466 -0.04565738497496416026 +0.16541465994351306490 -0.01004807568669541414 -0.05975166077028433442
-0.19795250722867369086 -0.25365803829259436775 -0.16603327735712941626 -0.12742887772409949854 -0.17969386771387430013
-0.26895386561383366475 -0.14224962743758193251 -0.14694337733644075028 +0.02358666675715383881 +0.19958713749688894445
+0.11974689263025709018 +0.23053149799810443432 -0.07617702406630595668 -0.07363411989167210903 -0.20590414952338367827
-0.03839671490527234166 +0.12100797601193276354 +0.19144970236819050524 +0.06190698614433298719 +0.02920392070640914772
+0.17539660447695484824 -0.16182635883217633133 -0.08700312613523955574 +0.01540071246942295753 -0.14763208755527190696
-0.22619135156472058856 +0.11648865290879115153 -0.08987761620784556760 +0.02031937108175382867 +0.28484676654681301278
+0.00023681889963613964 -0.14975107580317806311 -0.09120352569693376821 +0.27204034247432345994 +0.10800775736705427177
-0.04016447852372148630 -0.13437539028969605615 -0.21450909506423393447 -0.09751961069960220219 -0.16886792226984451148
-0.20945988489238101526 -0.02545690101089682217 -0.19533601018926433079 -0.07983945074958996579 -0.05064817736761639821
+0.14849479228100170847 +0.11613481355142277196 +0.24543357169684340557 +0.08844260101997111767 +0.10251310219374025479
-0.03082292397480905499 +0.03614550446495377184 +0.16360800499370151129 -0.25028394669816872442 +0.04565694969420748539
+0.15302852600721439380 -0.17564145527936986246 -0.21042731247688611917 +0.25764988670991145758 -0.16091424131591144930
-0.14260054383809417367 -0.05701472537353655112 -0.05442672407146504493 +0.04661055594781168820 +0.01615118562951083081
+0.03674365202360256599 +0.00104537795772808358 +0.06529650868303824018 +0.11857693695840272607 +0.00213702954134431435
+0.03978966535695321188 +0.06791079029563561187 -0.21147108413428172824 -0.08109385116105156943 +0.03547381410585587896
+0.05172003233025549568 +0.24637546190213313602 -0.08480892942269635526 -0.01385955997960597839 +0.23546440074313659818
+0.33062651830342010273 -0.01579819839117162922 -0.23434667678849688266 -0.11696811865257650265 +0.00199419272545213466
+0.03380758673058276848 -0.15258204221646953780 +0.00790356195807537590 +0.02410516929892521018 +0.02691764897014062990
+0.23062289465510588116 +0.18169475336944687638 +0.01168671759275627386 -0.07160156744626239300 -0.04105313176787245971
-0.18164791489125334256 +0.16331391600538258668 -0.19609382184490661838 +0.15950788113289005032 +0.08155852737445948297
+0.02323902344845127366 -0.26337505735301813825 +0.09107206452787801332 +0.05886735216917676761 -0.17403795843988503766
+0.07643078404778139157 +0.18299819363662314653 -0.04200407423475582824 +0.02956939636689817283 -0.11506080506663289575
+0.23533899776136954496 -0.13485163284494408598 +0.21098720172341040024 -0.11188146615549332541 +0.07359473211650958968
+0.13146615314814397157 -0.10331697693659809556 +0.22514404329560350204 +0.03872483122645638265 -0.06629156382959507099
-0.04682046930831051945 +0.19140899370656905276 +0.25465576876683576613 -0.22248569882051164037 +0.13037998177593473903
+0.06020770280680540903 -0.08149426230157955087 +0.05443761284844198661 +0.07094412027676283428 -0.29028987058639704744
-0.08070536688789022028 -0.07937847159635109950 -0.22221874878451208790 -0.00781877034793559619 +0.31421252725009329865
+0.16408752373658097579 -0.17195956010658919322 -0.09089582377853451522 +0.00901575989582744167 -0.14823391713365963174
-0.08139067568864681579 -0.10110007192494060990 -0.01159456856160441182 +0.24568322496174951897 -0.32419938857572055957
+0.09404086506814576807 +0.06774728497383392112 -0.08566486634452301352 +0.18223562984504676487 -0.14796454082300697364
-0.13025767128356771640 -0.11869361268590992997 -0.08113698875811758970 -0.12802293234501088692 -0.02709579567068226558
+0.02396210538284762256 +0.14711997776531854365 -0.03538012519589552735 +0.14934471874039725869 -0.16611688119967832344
+0.11063855109059347881 +0.06822200942139264312 +0.08893914779663103509 +0.08835483471331692651 -0.07016970550140234908
-0.18458235844974735240 -0.06201153048571230592 -0.00593546966592898607 +0.08014979293413282413 +0.10550057560963552183
-0.01378504018834737430 +0.02938690162153777263 -0.12294425327788177649 -0.07624706388702857940 +0.04024901061832791838
-0.12897825653372052557 +0.02238768614537150342 -0.27641501375027099918 +0.20152759603203274086 -0.02845757072964485296
-0.27115480617242904149 -0.31989554089994959307 -0.00855755788839073286 +0.02262416538272029112 -0.13225191703322936032
+0.07915447139919122577 +0.05274625650452487158 +0.05334181246356329426 -0.05473141041419705283 -0.04418897447454196020
+0.19927016577173195522 -0.27757730220734522231 +0.14311826065553481802 +0.05038321978002324730 +0.08240769981827486546
+0.09406796437710171488 +0.09339194566804559505 -0.09351383953708811148 -0.14231842460747676227 +0.02431779355235752157
+0.23364414660776597343 -0.14435142923887414601 -0.02364903716263780722 +0.13061804972079155140 +0.03375426691594066858
-0.01420625154552433711 -0.01218297395042548803 -0.08496744355485727485 +0.24394436209737366261 +0.00723777868314189488
+0.20752887010656287381 -0.20745621689346946392 +0.09583686906138837169 +0.17985208696350465929 +0.10773982753977406901
+0.03547905997603200551 +0.29146625744443988015 -0.21193259732235647519 -0.07198493348365518629 -0.00735265860820835844
+0.06231078075207038131 +0.10584911989659839815 +0.03837010593680661996 -0.17307650396053375630 +0.14203685540309296531
+0.05490145010191697234 -0.04856428418360686505 +0.15973962465740787486 +0.03882281230849803783 +0.09608495666202823693
+0.01653523319886084780 -0.05000884885584939987 +0.15159684489312363898 -0.11816783458200848245 -0.02761490021547640533
+0.04361683077717946888 +0.22162471974757660953 +0.05271809116511017718 -0.24258868234099148498 +0.06049319095177485561
+0.03393692756239098662 -0.14387867726520753298 -0.02625065383394350332 +0.14168295540040259928 -0.04065073548305141171
+0.06575672489921829955 -0.09834949426680182627 +0.03871569199252050675 +0.04316376907890042552 +0.26044424044035557886
-0.29538450915403030583 -0.00780258353938366109 -0.23318170614957625664 -0.04492173923993574708 -0.05245021995187391928
+0.31266859140787417459 -0.17653767356005567457 -0.02259298629312547074 -0.22207667348000478813 -0.35007136453304671386
-0.04547663679661119451 -0.21509583489955419466 +0.03552265290297280248 -0.07998330349537072226 +0.00720221042434658100
+0.14261883278712653156 +0.19369316496370705960 +0.06880423712900413102 -0.06293653605411005103 -0.18728365775436478513
+0.19910671018613135264 -0.14182804569383478110 +0.08901707836822064790 +0.08145949875222120717 -0.09316330368767283820
+0.17433200967211881505 +0.09193219188298062949 +0.09163718169110582346 -0.21912169658241537062 +0.18533490396505422626
-0.14577609681460376723 -0.11104944466419486293 +0.00607500266074666173 -0.04367217704421993973 -0.02525411434173463476
-0.00616238133847638384 -0.08539222028934906339 +0.13697447099757076305 +0.18259583787302383073 +0.01162199936962371796
-0.15727757182000923208 +0.02839721870356181482 -0.17232180317420570104 +0.39630787381729259966 -0.01930599244813868340
-0.00966785100195997546 +0.15852086613583851737 +0.06862734663323227791 +0.03237808207800686039 +0.03078501171403652883
-0.06449479051319004230 -0.11235413702874900987 -0.19474852614630897008 +0.04976221530929815506 +0.04693381864836699419
-0.10831916697277989281 +0.10360164971218729923 +0.19448883750162856976 +0.02220813998373805803 +0.10840418199589442472
+0.12297492792625636104 +0.04597357183651080287 -0.09070878714637806151 -0.12663373512225636897 +0.31869737418990184974
+0.18792314095381312811 +0.20458875574249357765 -0.12730069461425655430 +0.28052315302528113561 -0.00156760449957272282
+0.00551588584136714598 +0.04912103484560896571 -0.05153278515749018518 +0.08942754931492975790 -0.21442556107659130338
-0.29729703223626707809 +0.03678991692349734693 -0.14855498199010788718 -0.19091597671736385000 -0.17894570931030323591
-0.13427474356546867384 +0.22854692170891149905 -0.02008306653252722382 -0.12532006630871822539 +0.26385890732818612081
+0.08398662396503864258 -0.09444185632075331738 +0.04928936987150137755 +0.16562317562074671540 +0.09369597147660109482
-0.08143950050868609125 -0.11567371887580735201 -0.03652053664903514435 -0.07530994430175330656 +0.01398264511820281226
-0.30612535116648392775 +0.09414219203564938576 +0.18564466603447840609 +0.14616041473232171954 -0.07539101413818440067
-0.07629931924013694244 -0.08260938678193105456 -0.05025847942087449671 -0.11920496439941415112 -0.12741026036597172255
+0.04194740357787875296 -0.11174793120742321229 +0.04139944093874556308 -0.12737960020272845463 -0.06843818732474855893
+0.11205478227634591004 -0.13180882870262700113 +0.01085817415620863279 +0.11313824714886322464 +0.01951396903085777720
+0.23653584601166391388 -0.01963388986965783692 -0.25992023500230798660 -0.30925961661240314315 -0.11615866322714102354
+0.01674745513576613234 +0.18269512712244870278 -0.08949039539898992479 -0.00405912339598320064 -0.12818057219520204160
-0.11213456120595977072 +0.01684427440366797341 -0.04673871229254300541 +0.33539828515772468487 -0.00720815239950307451
-0.01865423541715981529 -0.06278385593618099336 -0.09209921482469307641 -0.17204646084768573933 +0.15782282456229140832
-0.20412623171622840124 +0.06056433171399339815 +0.14689930577292134584 -0.03895957814934095098 +0.08764317837997091798
-0.24542201205154545729 +0.04816318968173605164 -0.26242925663249094814 -0.02988017316861331027 +0.06547107502514520894
+0.00740207113529234122 +0.18715565100782158292 +0.06161650643469043787 +0.10669124348292273463 -0.11355364015109588316
+0.24381175670835819602 -0.05204574681513002982 -0.16701652691477550383 +0.27287408993251793810 +0.29467557796753973687
+0.11289297747451043641 -0.07291911639265720446 -0.13842085741336362936 -0.23502698098719507214 -0.03594813604453597766
+0.02598704929505766745 +0.20743635184440367691 +0.12086887675137714115 -0.19730613043433914422 -0.05989892249239814337
-0.12444528969870195800 +0.07001365426878033982 +0.06711869669967934771 +0.01116195958698925836 +0.01436001855335707587
+0.08239536791079697664 -0.11829470535318122038 +0.23985355236729608008 -0.25502942117094440366 -0.03708960092735179293
+0.05648124797909245126 +0.19531896769827991611 +0.17755596568428561044 -0.02638034151728127150 -0.04802939237683934853
-0.23406569686000214259 +0.12442620150209451890 -0.22800710713705618637 -0.01969531139007183601 -0.09179233104195970439
-0.07552118617737632600 +0.27666091947126714157 +0.05177854706760251502 +0.24874036331485044338 -0.17444511927985015265
-0.05641598260481869853 -0.10071288097310428233 -0.16584550998853650472 -0.11115762158074449228 -0.05676334485665855689
+0.01630224358961138847 +0.21047989615140685893 +0.06070881392617086258 -0.09206975722322172095 +0.09974198244893478504
+0.02649923630657846640 +0.16628504887555051184 +0.22748575898800335593 +0.16225378799197134883 -0.20386475738904258348
+0.07606187027314782745 +0.16279680062082832470 -0.15829037514967309042 -0.10835060688471162549 +0.13654417573300811628
+0.06592291833136446066 -0.19178918818418283498 -0.05149031634940934993 +0.02959054643158960662 -0.08667015332051711263
-0.05083184323092000689 +0.08282674568432346618 +0.17648098243724244516 -0.13653519790354370911 -0.03001871046234014934
-0.28870887942019235473 -0.34648860333500219877 -0.17316683095430729367 +0.02743889090237707287 -0.05177779602787749291
+0.04244414058861237238 -0.08142198641140356574 +0.05833539359382261535 -0.01685645783486217075 -0.09633519562585786400
+0.09466761805965148713 -0.06630824802963823650 +0.04520759020352974056 -0.09333013353435079540 +0.00475355530750168342
-0.02165677461718504282 +0.33460779488670755466 -0.04763989705934416202 +0.19128519950828637430 +0.03851654973001553128
-0.03278670947856950763 +0.02105306360178759578 +0.04433324089087843645 +0.05881101449158208927 -0.00136813207332246722
-0.00600312497093004327 +0.19313151718206267304 +0.18262587132898852604 -0.00495825891882589048 +0.17060674396888894644
-0.03112350376731105872 -0.14195849376556696209 +0.00080878191183620697 -0.31251917375034993229 +0.10573579052708109716
-0.07542039182970722289 -0.01532885819341581884 +0.03977234200122560515 -0.06346722170814542152 -0.02263491195346767348
+0.08374905161522656905 +0.03644607274985181555 +0.41175869692389033272 +0.16870948206670333125 +0.05088488035882340887
-0.28591720163921019449 -0.00758873964795316828 +0.03165268763236265409 +0.10565779875202270521 -0.11477526782101477032
-0.17303972021324717789 +0.06081329378311756823 +0.23170818412701676969 -0.14077604272010865727 -0.07627772977821932476
-0.25905440461164142008 -0.03376343986348098042 +0.03016970971772855309 -0.17655659142124205396 -0.01162343542899559566
-0.04544483190234656356 -0.06334636567912149685 -0.04505105089669192431 +0.10238914665409738769 -0.15304562107771532697
+0.17764654086240108666 -0.16784884186260881633 -0.05218854823884083727 -0.03118267778857986700 +0.09930376792095438332
+0.04501235224623163084 +0.00752906920556818855 -0.10904292636545281914 -0.00391189912283860033 +0.18207528923054733250
+0.10617603630069545606 +0.00715920721759288545 +0.09632077755119275442 -0.19340768815522432766 -0.02334738527181408688
+0.05617336805035962055 +0.00602744313685001434 -0.05250345878226005819 +0.11021616419456525815 -0.03014643140058829301
+0.26938514452489276119 -0.02576235368875829865 +0.20072348904442471884 +0.06527395499046763361 -0.00395329421433418104
+0.05065275413591410064 +0.06259082895431011817 +0.10014520444503646757 -0.19260678731826988419 +0.38596976783899489272
-0.27262628404806443783 -0.26708693105544034641 +0.10015964293019742615 -0.11592398175625813483 -0.23886066606321160188
-0.10375119870223928342 +0.14886107555853037021 +0.07750734341739204392 -0.10408106785805044947 +0.03218021153869121687
+0.04863657921707522508 -0.17449873536026225262 -0.12826049046617246652 -0.25725438712921161466 -0.22765271296149960922
-0.08739228497164677756 -0.03007816176431232780 +0.02392905835851986268 +0.10181995778388125418 -0.14388177400205598433
-0.10482891997198492962 -0.01293835364420687847 -0.24741627470835994562 +0.02531748182909107289 +0.17250283275463335064
+0.22515723566488168861 +0.19394538266024449746 -0.06841451291725533790 +0.19818198125969008205 +0.05890033135442857698
-0.16051505250274983316 +0.03429823959269211187 +0.24731111206521094736 +0.22564215238334583979 +0.10355937030662885900
+0.11981965046492921989 +0.09419379953707539277 +0.00506248062641069009 +0.19698989875497624480 +0.08112017410746749646
-0.03973356944719768497 -0.16945821633611854451 -0.31146347426233478295 +0.02200290712013936931 +0.01584768344489357467
+0.08737121859020090253 -0.06802358422793097770 -0.03722190461939660355 +0.09125730881196732203 -0.11304242021866039991
+0.14017866545001406164 -0.02848032515929000558 +0.13086965853432136475 +0.27714369027005741897 -0.08755516904050572591
-0.19319794354629468702 +0.16944913129520683404 +0.05745510441563697612 -0.02897082840878277207 -0.22736562922974851153
+0.06744960473848789217 -0.34773980711273283495 -0.06450231179694367045 -0.01907205795867428916 +0.22570516770679227569
+0.06859670994949332301 -0.11778091491005535096 -0.03245481126106171399 +0.04701061020225513754 +0.06596674936620236518
-0.12112876811624147255 -0.04749534167011574409 +0.02591020416978505672 -0.07788624293020880718 -0.12166443908965206278
+0.00774941528453274887 +0.00218629560159937578 +0.04462352916848123796 -0.20912780891032159425 +0.17355709035092437009
+0.07471780857371107532 +0.01971288873532813651 +0.12936345371714447205 +0.09317840824105221020 -0.08143092616762828695
-0.00291469778228162918 -0.04319866710326514953 -0.17245639708425083980 -0.17754017493694423946 -0.07946075329513323238
+0.12231782700385855633 +0.43413679094905882616 +0.00987511020520013758 -0.20255467253385606163 +0.16015531348587278004
+0.09380330159242787624 -0.20786063418188238661 -0.23330657477496963281 +0.14369571034041137003 -0.05608385761841827577
-0.07392213725220374287 +0.10283431157708296244 -0.02973141371909607256 +0.14019865467278244675 -0.11009771833273131192
-0.17626452302978515285 +0.03347297137171783427 +0.23972332247154851115 +0.18856775587906079994 +0.09843040830132666896
+0.14094622356156077947 +0.05565904703318293872 -0.30875944450901038341 -0.10531078002287277973 +0.28020158220644647562
-0.19393090701182144620 -0.04767933491141439217 -0.14857357243541244318 -0.01376522255086930734 -0.09158241563644477223
+0.10276627119060943727 +0.02129449582213685521 -0.07868811724339164204 -0.05256143383832140997 +0.18042365329608270330
-0.12336949639153085845 -0.15955126329356081327 +0.00084975797690206578 +0.12073333114811130029 +0.08511754515026326295
-0.01192713745245112429 -0.12126590468661269107 -0.06781904365370396148 +0.03958840867100272415 -0.00200954322044650819
-0.06041098357550551967 +0.04299895090622982835 +0.16456985942115875954 -0.23481130894593504888 +0.09347636736702796822
+0.14685161481717401433 -0.00922851985029287183 -0.13360792836944665463 -0.21728331954663304693 +0.17597769629896173327
+0.11843743323132537026 +0.00859458511439735798 +0.25646037099938961967 -0.19670693967633873234 -0.12568846693266297332
+0.06274521090239032484 -0.05716996894189094180 -0.00474843267391185375 -0.08994339240979512540 +0.29462724752574848130
-0.06908016439495684446 +0.05886782416282133196 -0.09080809375183607202 +0.01223623850422154123 -0.18621751750092294109
+0.02848435164177729600 -0.13594011240999023804 +0.00657331234273939372 +0.03110763199335733406 +0.08333482788271366626
-0.18767545651022179976 -0.15826914176777764909 -0.06505240931726770370 +0.05771418563740324248 +0.07903643471980387192
-0.04755441681234474915 -0.06394751227603237553 +0.06775743010997301030 +0.05285679439062572482 -0.08356146597910257823
+0.04317593903393258242 -0.09863564657159078208 +0.09862529926238181033 +0.05487888177898363196 +0.24183472033022618275
-0.01571704414072817163 +0.09123941290610423915 -0.11007100565169472550 +0.25702340514823496243 +0.39713292926818677397
-0.15661976368292754302 +0.16474679797297428485 +0.17100303389999185755 +0.16771768324483493640 -0.14803569888127768306
+0.00365142589721373541 -0.07092941158185932238 +0.34280881126239864942 +0.05424582584135916041 -0.10778236779943203838
+0.09954833181927615071 +0.39615051296877529241 -0.02334504221494997089 +0.07442044212527876290 -0.20405486401533451390
+0.00014749854989050924 -0.01230503827810091634 +0.09744754926768053882 -0.08208285163282309782 +0.01829345979341790926
-0.13450369171802983859 +0.20342560034227707977 -0.02227875201357523358 +0.09911723532577480789 -0.03172119665547327300
-0.06674240340304482544 +0.17220637854676254519 +0.09891705006417349233 -0.20687929711795416399 +0.14485249486960477538
-0.06768566870045633621 -0.07743471524835984776 +0.07854595094197222571 +0.00179014714383533575 +0.32815579221270718691
-0.20355644201915631952 +0.10060927288322923934 -0.04008166923546488403 +0.04624494465007254057 -0.23242403447051096510
+0.20919614522679699786 +0.12037473884599815543 +0.19522632768318923246 +0.14136841484014989190 -0.13346554633589721717
+0.18132161414814249034 -0.02483031178702717334 +0.02921948271237445952 -0.07467486691931253528 -0.09346239530152260222
+0.11375324595831701191 +0.00373204695653249485 -0.16156486513952800221 -0.04853988178242613083 -0.01820039436669356608
+0.04287573369716524141 -0.19354179594053913527 -0.02781210009711500980 -0.05412272615439415319 +0.21726639503171360501
-0.00925532505270270853 +0.09206255248788226819 +0.04915799977865022846 +0.15087677627255444146 +0.17211674226609913196
+0.10747258197708076111 +0.07488053363752018854 +0.35048937760160692179 -0.23751990910480352825 +0.11493720540511508099
-0.12350031999130026139 +0.08701163506529471792 +0.27404838027051253713 -0.15372555682222580065 -0.26639343961217265555
-0.19401049573689976846 +0.12000896348051720564 +0.01043941696743236683 -0.08924449728420615069 -0.01040182456216450294
+0.14820680723565476944 -0.12307285815795619699 -0.00186303529061170037 -0.02714353979621142443 -0.29299389548545728967
-0.00786034930663819312 +0.21044039794884039640 +0.36917535313440841271 +0.00016734678229521696 -0.18728477069975060787
-0.03547147264578502657 -0.13431174823329714019 +0.13550484124054218427 +0.05573040743243739409 -0.04129089711021451808
-0.07274181089528658495 -0.07919292801960950423 -0.13916072467726020578 +0.30337555893823187070 -0.10050703348158943062
+0.14427330843540825400 -0.09527393357680091768 +0.10791816209600282872 -0.15995863564260950906 +0.16502954124508700806
-0.11681045612049907600 -0.05407353291311003951 -0.01140507617894176776 +0.03812673389147054615 -0.07777955738038581923
-0.21798503520969869651 +0.04443289216669669278 -0.02089828291301434188 -0.00202968361806615816 +0.00787989881894361061
+0.17892274708210567646 -0.12752983011470978014 +0.02652418162994694961 +0.08941442196570342782 -0.08229756786464265117
-0.21536957092993103124 -0.04340302533655372025 +0.00314191538072140092 -0.17983381396625594539 +0.01962880840493329976
+0.12516214192852173626 -0.04880792204623041197 -0.11798934221503118436 +0.11746766391541665908 -0.05054914497973921755
+0.06577919412457466919 +0.02736396034629633156 -0.18775941657602479573 +0.11887315120184083206 -0.09802478816730539335
-0.09671321843204652713 +0.21053313908724546888 -0.23566468226776685069 +0.30369186184982854826 -0.02990673384752403491
-0.01984112206211843810 +0.10790687748438530791 -0.13546249735044713081 -0.21281910770069301098 +0.11441470386502106127
+0.18746641115628542851 -0.02621128044102947335 -0.10606155977635292609 +0.03872515476107762228 -0.00260509366230234594
-0.23622677816917941884 -0.10569034428215334787 -0.27233378530149782160 +0.04132016347078979607 +0.15778414872419760373
+0.02686311447790398765 -0.00790015520321014041 +0.00404250864836152787 +0.13256920002505995226 -0.07985717011331762427
-0.01900165136486318615 +0.11152162758523151420 -0.09487418342248463143 -0.01023118870506956567 +0.17214429775360357011
+0.37083373488875881474 -0.09806188894284088853 -0.12634219486668879506 -0.18651187499333055086 +0.15809656843934111192
-0.02782408886666665887 +0.05725695656351843105 +0.21742141139412207718 +0.24435949694199063376 +0.21525484079407464222
-0.23253019801386251575 +0.05545174876654172108 -0.06305133638951647412 +0.27181461133005230257 +0.07746240960744001092
+0.07939851869066030798 -0.20017580340462809430 +0.05570449215333968945 -0.13701796310915362320 +0.01518196698489069144
-0.10034661022281145260 -0.07104459967252652053 +0.00315577689940902111 +0.21502768718224798961 +0.13001017738708525728
+0.28445862943793276401 +0.01737821617803988680 -0.04044941931712896233 +0.00903840675508880975 -0.12801819351295190552
+0.28440614522086449245 +0.14946526273404570073 +0.12173287838288704421 +0.17427183305094570698 -0.00372513562245180459
-0.26328463126421636220 +0.13821379850979736981 +0.21498033827387774686 +0.05454942517091769527 +0.00249135373022806288
-0.22047547058439934120 +0.03360187759918133871 +0.00047634640189563038 -0.19905905836845458334 +0.01755919932995161914
-0.07240182518346757745 -0.07725156504498005561 -0.07272815998537796034 +0.00539744101797124710 +0.12349415683944672817
-0.01374291029840841311 -0.09152319760559679551 -0.12856514740002716879 -0.00955151069806380905 -0.15121107842106021324
+0.05599289353603030539 +0.06599133455337667653 +0.00421806857616996867 +0.04622497981906662640 +0.26903106983267122132
-0.17394560915617385266 +0.07006908221839389106 -0.00990410757481941656 -0.05504455848980319838 -0.06130668006790614133
-0.11603252323197724150 -0.29059665520847532960 -0.12482706660016119893 -0.05038067614191560351 +0.01974870854906363160
-0.07935757045333649562 +0.06966841881110305557 -0.05705918201776957049 +0.00828472853182800686 -0.26235488291615211009
-0.15289677171597640393 +0.02535280351502056800 -0.00131567707284309388 -0.22216098282137808351 -0.09919449584662623498
-0.21715754068972417667 -0.28582434203548162666 +0.14473353728311766364 -0.11515738945920322989 +0.28966897830991894525
+0.06114200250803450420 -0.18043659485173585422 -0.06415379008175495223 +0.05763308021101591627 +0.08751514662439070780
-0.12349917295709492149 -0.05887781767540396782 +0.22798302440540940683 -0.20892748289117013538 -0.02408833695130744787
+0.16811075050119564378 -0.13142999000203792193 -0.12120628830929054687 -0.00996817371072351507 +0.00580576340894834418
-0.02699689387009572561 -0.26262977893404299001 +0.00518921275415450654 +0.17081454050994265836 +0.14292304238114181270
-0.00789293079585859196 +0.05755501074267608402 -0.05291797826838123137 +0.10268826850790091498 -0.09957311860129847148
+0.16846927321356666707 +0.28703343807875075777 -0.08958941524632065001 -0.05191811935984907977 -0.12508897263793278265
+0.24731530598753148631 -0.12749327959667497434 -0.17762430102280085675 +0.09834016905361379901 -0.21863108625850927180
+0.07803892226327034665 -0.12473976737221124933 +0.12634214122235468136 -0.04605756352339981929 -0.04004602856816658063
+0.01217458827897292470 +0.00215404203590438114 -0.13346129866291406296 +0.01833884302619148698 -0.10735406881929417111
+0.00194661366573001173 +0.09066788762668312462 -0.02813397326093767040 -0.17830270621930188746 -0.13570174585232486208
-0.22940963908351444389 +0.18065626048957017513 -0.07293272091483249397 +0.02137953212793127986 +0.23502022478295811481
+0.20057378973641395992 -0.21830603925364999718 +0.15135528371816439619 -0.13922167040605176735 +0.08932622235915942122
+0.19151627690321740283 +0.00002495330334744382 -0.08253543604229859887 +0.40339597883087408015 -0.18456429950396346928
-0.05618296739669978446 +0.01293829575016136949 -0.01525292672161359872 +0.01225915552019574660 -0.10476682577277193764
+0.12282013370178951339 -0.01822660754174309020 +0.13095809708147063133 -0.10707297004421967301 +0.19470493423024742841
+0.05290164316757747787 -0.14312205831839927561 +0.06623724899528844745 -0.04423309545782729002 +0.24164896655215778454
+0.18246896765361897419 -0.26559167087507645766 -0.06428090052976995206 +0.24185937259129949850 +0.09471929441356194412
-0.08314604293840793803 +0.08925136106206600639 -0.03847321773637815689 +0.11515667791590114555 +0.00940459338567482123
+0.05655293173009724728 -0.06022888294723863223 +0.02827091824450198021 +0.18671776921974359009 +0.12890935773307429790
-0.28860982018596248455 +0.30757942349762545931 -0.03676049661411823904 -0.22436805749958332878 -0.13829286732188392217
+0.11427768694529473470 -0.12177897713015765901 -0.10282650300850272596 -0.00498919085084915601 -0.15620868760749911930
-0.04617095212310652619 -0.15061418398764397919 -0.05346406037892691837 -0.10968271987297813219 -0.03731715477542487530
-0.19101818811340692816 +0.07634397191284664208 -0.04247758490363648387 +0.00331463298430332339 -0.22134802968455014049
-0.03805467925592065370 -0.18726976323151675596 -0.22510469838781352325 -0.17026724620404964927 -0.06145602786866576073
-0.03973367550953618710 -0.02507430784038924831 -0.01923316189341824772 -0.00986299428433319234 +0.11078741811850978394
-0.04203363806796664437 +0.24969695146160167387 -0.08698539461050079635 -0.05355393329477993458 -0.02895158443057774603
+0.14170377926580929318 +0.13212011012554081280 -0.12329532072502305540 -0.15028512669401866697 +0.23457227433085411916
-0.04706509489556640752 +0.18347730251178598349 -0.15171983432988614404 -0.00949204030928220421 +0.15992107746611661234
+0.09535426746860026226 -0.37695309446780445040 +0.16970614313808699003 +0.05457168041886252541 +0.24526265126893376234
-0.13737474693700815753 +0.10563739524407340931 -0.04096335064137977822 +0.00607811562145423902 -0.01084185164898319488
+0.06072147762132044935 +0.21028700831186172837 -0.01006119306673573972 +0.00622172884759177730 +0.10226573538334035596
+0.17198371368447254448 +0.09835835363831023359 +0.04788003553056101314 +0.00516029081360867836 -0.12268677641692217473
-0.11721246400519946818 +0.04434046751867165570 -0.30348462621116378823 +0.10194838897884409001 +0.24074152781716554039
-0.10586496783579470160 -0.03328161145008328575 +0.03318278264874284511 +0.29437189630330440338 +0.16856214469914027054
+0.36288656633760751902 +0.04627881023436460073 +0.09074590606860580277 +0.10614557209297016682 -0.05279418392841768448
+0.14892824255843178927 -0.18074480254300442916 -0.11366871631187666636 +0.08821275902562178417 +0.01175438299080544188
-0.02582981749081987577 +0.05090422043392521523 -0.02795904230220763384 +0.01080666637407623823 +0.12705277236427683918
+0.35316805290629005309 +0.10467859146798162706 +0.08849004595866526157 +0.37789536253689720580 -0.13423056194701554755
+0.00191315417089301374 +0.22811062799292181058 +0.24350887924778791271 -0.02212531111747083334 +0.23920347899389143853
+0.07287456213478724076 -0.08984258798442890104 -0.10527822785455698273 +0.04422654521090479268 -0.03235347484064975132
+0.03124698433512232421 -0.04175872923754792021 +0.09663269048292738583 -0.05986412410532114536 +0.16787478810564518406
+0.10881607888932873229 -0.23772989443689346301 -0.12618206286979824493 -0.08305536333156045281 -0.10432835571414485198
+0.11553455580074424580 -0.10366296145542468199 -0.12106550563391967057 -0.00845023003481001206 +0.11262292168614858323
-0.15949011495388010218 -0.00886851933999970032 +0.11211657685204334811 +0.04619505518688456908 -0.09712986062130041232
+0.05650506878179992198 -0.14291861475769571110 -0.04821847270718940259 -0.10227494776837799118 +0.10998443521611767082
-0.04197157663204296313 -0.01964516596759981540 -0.19178674584286528604 -0.06255903712214044843 +0.06097247467260027975
-0.07126135329419143460 +0.32030131831031105616 -0.14973034502611251573 +0.10590515519523208132 +0.03737560600797111554
-0.18267894047650265477 -0.24176868084501734746 +0.15801342724750352953 +0.00127661657520372791 -0.11262767899276740491
+0.19383953065621364886 -0.13890642964273888782 -0.20816462923353856729 +0.14480611854333627631 +0.03962346937779694794
+0.05257147663849350699 -0.11675158087539592999 -0.24627251019017001865 +0.06816859605319799953 +0.32684485009896430130
+0.04504078066400150210 -0.04280902525722239671 -0.22664635344783579107 -0.13073167932063994856 +0.22324226705072719446
-0.19365321250962980182 +0.00494304215778605324 -0.12220175505778738123 -0.12710503525554892046 +0.09083966582521210698
-0.11632720676822339012 -0.03699133223789643349 -0.04351128476322919242 +0.06900711699931846854 +0.02246010487213031745
-0.21717500189021671231 -0.06406695337358095377 +0.02586144199101212543 -0.12920677963123458620 -0.17827005376296839456
+0.07378120414344724320 +0.19975770867955666699 -0.01329672980792932606 +0.07055611983469979587 -0.00080534635473790070
+0.04831653270161622576 +0.11779079869926063762 -0.12553316890690169316 +0.12791858432648783861 -0.20519952869474081258
-0.18416588691024587954 -0.03622783549902729855 -0.05259040951905560868 -0.02172020635756728366 +0.06432173986497986828
-0.09184180165102523441 +0.11068949569430042157 -0.03694170129229561172 -0.08571136276866499204 -0.15636455277638483530
+0.06582842982822147138 +0.09729502150345188671 +0.10876311866189108946 -0.09192016766922612991 +0.03707183836875501542
-0.14523601087506832208 +0.22157835430112540753 -0.11148399857968095683 -0.12980144762686385285 +0.07481838190727389815
-0.14424636319962100273 +0.24289252092780716508 -0.16320041093979228974 -0.30434815147886307152 -0.00197537427201149515
+0.02457882531805036935 -0.00099008685275750290 +0.03888678914184673374 +0.18607209239281100044 +0.25214361345837860151
-0.08484739294109436281 +0.00409627948644303991 +0.10265041303894897884 -0.37231452337644493911 -0.05043639479870911518
+0.10285238871734733723 -0.07879048552673084682 -0.04235995796553475995 +0.17782257765003942063 -0.33702557525653342729
-0.05618352825570847864 +0.08235854004151313412 -0.19901396304216634192 +0.00419679529629388755 -0.04795765058130602859
-0.11608004589074664981 -0.21033186140039031309 -0.06086652695286835779 -0.00527129109100828944 +0.02886876546999078003
-0.04424634327385850580 +0.02393189581831921264 +0.24276730067817858805 -0.10184578951840830841 -0.01498988487819203838
+0.01790289790683008420 +0.17003392719134613476 +0.20456638320638542705 +0.04354266626417725716 -0.09356996748416424037
+0.11795006498268324757 -0.07227932525104613370 -0.39507430849483887725 +0.03333854424032262065 -0.08235071440610011728
-0.02923878079763466559 +0.05311137958248744739 -0.24755128572632917328 -0.05870934775413105822 -0.04942676146828023365
-0.18348330099446608088 -0.06163842412566375439 +0.06483362612616910825 -0.03012499373816861226 -0.27619820718600246456
+0.16748962637277334253 -0.19512146482084125054 -0.17295855145473632009 +0.04861483861336846762 +0.17480670753063351497
+0.09267448748498678668 +0.02099478417610216655 -0.11328039467968464837 +0.03264938532028314327 +0.10095741332234442478
-0.08758047383593464685 -0.26164384916401567382 -0.04156629320857339188 +0.24311833953255754248 +0.24535026557630507105
+0.12817489166229834030 -0.02655731707799684552 +0.11196759901535993653 -0.05036996706372128679 -0.19231741577959304834
-0.14056418012758115088 +0.16850266284106574233 +0.08537392038439449438 +0.04562465743567597348 +0.03619954429785361694
-0.03711010069993417315 +0.17813041539731855334 +0.32860517180104298340 +0.00031837325444369902 -0.08311549030556925066
-0.26116852453293831759 -0.08097773136626087997 -0.11206025919930127921 +0.11307743708453044107 -0.02569103072693514761
+0.11485678197907536746 -0.00444725910379939818 +0.28449232965223691938 +0.12671375209502275250 -0.02514716065968073538
+0.06789875269612920261 +0.05461299009934305476 +0.04027899155202736142 -0.11321803147153805535 +0.10787934940339753698
-0.14625205882436811966 -0.26498277796314145816 -0.00374277644972820451 +0.05433506492528198534 +0.24962359221481630889
+0.28021452035559951677 +0.15481101632874200158 -0.06709086772854597203 +0.05374865179972786178 +0.00007211160638551008
+0.20996237238105341927 +0.02777297251126460004 -0.04272184225561048709 -0.07827633527002739178 -0.27654363034223633511
-0.06313237205193672485 -0.20442789041325998278 -0.16306954784483462806 +0.02284848013483870705 +0.09880915263043328622
-0.12775052076995788153 +0.11099185882666880165 +0.11610452985144320559 -0.02838119264568668421 -0.25846141814662032532
-0.05032665702617231118 -0.15162045739155369239 -0.23427538770259978551 -0.05859177251561060312 -0.06567230744783394969
+0.30410655595227459314 -0.09025598690564745619 +0.06562580676958246206 -0.12569623845783872707 +0.05431310344500418774
+0.01948199692016778020 -0.12077768097558258531 -0.16885569256611870914 +0.14544748622103112479 -0.11137717648284262140
-0.07765884185986990373 -0.10000418483958646576 -0.00797219610349971311 +0.03723100903389203742 -0.15665903992712648662
-0.22278732814869345313 -0.00302641567913403998 -0.08264892104877520629 -0.33883081909412454680 +0.22018785765229600959
-0.20287114286678420427 -0.05385598841218672272 +0.14814448164154189747 +0.12163370979411243511 +0.09018708303449934904
-0.12424898762409486430 -0.01014039411474296215 -0.09746817328900408972 -0.00590480220549920425 +0.01080389557706750749
-0.15692128417767861603 -0.00278113151888548585 -0.05723438685019930500 -0.18854285384211849630 +0.06201123968758737864
-0.08082164155314834619 +0.36051501274799208074 +0.12184723486021559191 -0.06318708676157382131 +0.05331609888035571815
