# name: M_D30
# type: vector
# rows: 1
# columns: 900
+0.02543870563251952530 +0.02728709415018554588 -0.04703823894079046941 -0.24751069101728392918 -0.17056487722548360764 
-0.08040125953200712161 +0.03947857349219065920 -0.12656493542008043218 -0.04246630847398640690 -0.11278891424563085299 
+0.12405398709437007176 +0.10908225188801483341 -0.05837365690448543393 +0.17230983220281900770 -0.02959680808582585559 
+0.38093077998003299633 +0.38227239354952352590 +0.04252887205610448446 -0.10006848013323017821 -0.40959486081868934360 
+0.00789841697170928780 -0.15047233496776254991 +0.23640482553159053447 +0.20734603245839841601 +0.23388742032467543797 
+0.20847497516901461467 +0.17399503313177935859 -0.18180985662622642374 +0.13073611608462107347 +0.18764883655918082606 
+0.00507169722965037512 +0.12483927088887827872 -0.13948869540864658467 -0.05737643223586220281 +0.32112395322131198627 
-0.37708904103525631157 +0.03463614283342213856 -0.32731280707738008573 -0.01523998356671844856 -0.05011817731372999324 
+0.09000901519808462981 +0.08944838436383720226 -0.23440159494502413318 +0.16342785648493785011 -0.01674960973808738152 
-0.24369238661326747541 +0.02044772974797082546 -0.03404076751512091076 -0.11830503316649559897 -0.34377781168073429097 
+0.14530206032634282454 +0.17586199995526463624 -0.01320923409223626055 +0.03752793998207602788 -0.38985730492926723434 
-0.19585787435653773114 -0.04647905168593562120 -0.10685142809467759739 +0.05011790577341428826 -0.23239344547385093476 
-0.09634577023080190261 +0.45812859957860496696 -0.08347031294477680330 +0.10235049976622076495 -0.00934304602583370392 
+0.11448464366255212132 +0.03183847515933325295 -0.16271576654078562241 +0.21928391309860617575 +0.10234583926485454897 
+0.03879802056033964525 +0.05209516206349262823 +0.25960425372569978508 +0.11743372466160929835 -0.04517270279847418468 
-0.18195431727667543687 -0.02215904397387932767 -0.16364679953756064434 -0.00272332735879459581 +0.14740636506752247126 
+0.10390522727913585610 -0.45152613128072427440 +0.10798293246644431742 +0.29110242761503052344 +0.09072943333092124696 
+0.03969197817427112113 +0.00010488188597677917 -0.22454536084680870589 -0.24770059979799835537 -0.24886221247044298943 
-0.33353394352954585100 +0.03607869587953463353 +0.47655459327745702813 +0.09909472388059847869 +0.09640547922527419045 
+0.08697768807668875002 +0.17201947905512940395 -0.10146887449707850393 +0.16873823973435886359 +0.00300902991685779095 
+0.09616220479864844017 +0.23262064879888505464 -0.38867620569799954389 -0.05536030126571983567 -0.04245857839100100617 
+0.30856767744416785382 -0.08057715786979695316 +0.02046632701132990867 +0.01924727987302533860 +0.00947792794158999231 
+0.26086017852098242198 -0.06895581132938109759 -0.34860519541703205437 -0.03605851954843476009 +0.00119703112420306828 
+0.07662872951689415901 -0.07437941433132905233 -0.09036715510539979068 -0.15815646818528383832 +0.05661964497586095824 
+0.12872487917389410783 +0.12051246029747146593 +0.34105878602944567080 +0.24290067238220053314 +0.21063881215282337367 
-0.33205724516279022662 +0.21753578121803560097 +0.10024236456489110658 -0.17378734728155117994 -0.03695798154336210617 
-0.25674313849963970036 -0.12803301610868281224 -0.01247567240849278662 -0.09343612675818330215 -0.02419085755923797154 
-0.06703884926288575241 -0.01350647671714340532 +0.04684827032799607910 +0.07806344937298299869 +0.05617290845519508358 
-0.03918893026717676364 -0.09663341144351195178 +0.23847639041324575349 +0.07877609287500837720 -0.02630597473217875099 
-0.17354794496855130426 +0.42071933633690050680 -0.16449441424389979471 -0.14620223118535238815 +0.33453680499417903782 
-0.09526521111295355171 -0.08133441010638524371 +0.01211323205596643963 +0.13392603260059438020 +0.18372272890742968876 
+0.25977463781011933541 -0.02770368020519896335 -0.24652625869113262147 -0.09874184624062537496 +0.11757730316088904621 
-0.05804518023031510210 +0.14514893871838482897 +0.11838063922941799433 +0.04526673501745667738 -0.12272315926156722454 
-0.00630442592606718800 +0.26389171801447575127 -0.21760085565123502005 -0.49071111551776047666 +0.08702979886938953802 
-0.27520065019781608795 -0.07857165906679224043 -0.17660614059599397119 -0.32945661897844913391 +0.00994866989444508076 
-0.13858173950094149207 +0.32150061245011979372 -0.04212703350616087139 +0.11255795040743636626 +0.01264092144695754850 
+0.15036170309686364144 -0.03838777015131125681 +0.17923631939152234738 -0.14036883632399657640 +0.05377248794043701374 
+0.20373921318548166015 +0.15482437847095728567 -0.02763182046956541224 +0.09745094311582302993 +0.07509619000211406603 
+0.09767805021868813942 -0.04490378374824250535 -0.30115465800962304410 -0.00528627741766148768 -0.42617355097094267169 
-0.09943593675205758542 -0.32207253317974871010 -0.14679226791828303700 -0.20269895397334689036 +0.08179169668750752020 
-0.12451072757453356121 +0.19969452487162628329 +0.37660768454476600819 +0.19023317296746630745 +0.05676905404264109140 
+0.24635869141710670105 +0.14452207298464897489 +0.13478093830695125899 +0.09261818947046905615 -0.16739835581509737716 
-0.01166623969235534332 -0.07782386432642192375 -0.05951577096508766512 -0.10072654713559339723 -0.12487008254308135102 
-0.19196367609670766941 +0.35045248886244395603 +0.03821543841253407375 -0.35199359726964968287 -0.02695218187370500285 
-0.06742428975164242722 +0.36255347556913958273 +0.01497366479970197936 +0.28554447089296214335 -0.00784888097747246313 
-0.08920515669996177677 -0.26782089738559805570 -0.06240979045314794249 -0.09173728708453915415 +0.02188259635879762424 
-0.13225217458113608382 -0.16971392875850160875 -0.24847275656501879859 +0.23773394147971713131 +0.25731453337537973924 
-0.19309609774592639830 -0.08593702782638019955 +0.30376872940532362311 -0.00002291255504744197 +0.02790628730428058868 
-0.02157602629937881850 -0.24872320487437277192 -0.02740302355853271865 +0.11921768492978979115 -0.25153985930070166255 
-0.01887546873128553154 +0.00473868060599982269 -0.27747511280629100217 -0.07739893714320547624 +0.08349636379331240588 
+0.16215669929960693785 -0.08374792302806823019 -0.18817667416922900792 -0.33216622394433598098 -0.13584832022499865323 
-0.10986026445632945947 +0.33280424181400003469 -0.20019273869928566612 -0.01313311523572049076 +0.15252709300914613078 
+0.22894135172777724252 -0.15105996828592341275 +0.19437418472330839081 +0.19274100710970790140 -0.04394110503345016044 
-0.32041380771618149792 -0.18951341107654370854 +0.24845692749290715362 -0.06971717328979598616 +0.16728829683530066497 
-0.01023539601478039990 +0.02674947722262076971 -0.04717115778465766351 +0.08337499514499752129 -0.32395405001433558168 
+0.06831601964541988981 +0.15513176665530140075 -0.36597858522883464083 -0.00328850906748900940 +0.16438925758541667044 
-0.54317504305850050628 -0.14809564999280314113 -0.08789876732001811188 +0.02999674929179677041 -0.23162812153103631840 
-0.11732566018010530395 -0.05093160223622674593 +0.20957845164310359709 +0.00952476351604610028 -0.15836506901420430160 
-0.16305137460518254189 +0.08421722040818459265 -0.06516595895242860426 -0.08595740829658896076 +0.03016251899090776831 
+0.09963186575055933691 -0.30386637741392286127 -0.25283100317962231562 -0.04439754333470104924 +0.12754627408147836687 
+0.08535488588216338934 +0.23668615740676823833 +0.11472254029801201569 +0.06066686543638562940 -0.31886963087821984519 
-0.06295706925151546562 -0.01955288724532244782 +0.00357756995832174927 +0.32090219370397904397 +0.11700290434336541034 
-0.06786067480065621771 +0.21755155972122849906 -0.20659411518229436888 +0.42516752137385177557 +0.18008044700659509019 
-0.08603487441407169090 +0.14850835346214733002 +0.16556422191401809485 +0.01248383147985111449 +0.25037097216632336893 
+0.02999454508251120713 -0.01324284982973411226 +0.19919568942169538217 -0.23176402676457752428 -0.17504460262110774216 
-0.05597694097213312681 +0.10019120755086968755 +0.28793016977863294947 +0.19729061581569673489 +0.09756453196205508438 
-0.07318255998829722997 +0.19549778297698175433 -0.31620216804924206055 +0.11361258730263748551 +0.04371249380714054694 
+0.14970940081696543222 -0.09844256329461870125 +0.04260355483800664506 -0.26133830515540718009 +0.51809814682738530855 
-0.08671957957272882767 +0.06387220483309577479 -0.20293720714682228490 -0.11696473037056241695 +0.24781319583816954766 
+0.02189062308005241403 -0.05170844414106182813 +0.13999051112796176422 -0.14110903484420189713 -0.09655789124150994385 
+0.26147059858462684545 +0.20335133378171019181 -0.00688919714612236563 +0.14641367394499602006 +0.08802583872321334546 
+0.14604331933208805627 +0.25309790030745227263 +0.16132633740249757714 -0.18463127220723829502 +0.08164210273075657442 
-0.22524018816827517941 -0.04700784793768805758 -0.16541310269795253540 +0.01490807365111395527 -0.30867582845090785204 
-0.21735120226928852927 -0.06004516571248414564 -0.24354927055682090709 +0.02751729352057404043 +0.00156051528522005087 
+0.06690676713626125816 -0.24569598363156042176 +0.15621799699881994128 +0.18208030423505650042 -0.16678212490987534555 
+0.36640625086692496515 -0.23247705258125112016 -0.12663180839232909825 +0.10234304009318415107 +0.24555745542835455408 
+0.05832604438824914861 +0.25652986494050977750 -0.15323643361610683744 +0.12141589487937064218 -0.15333621207408448806 
-0.10149015499157094944 +0.37995456413022510311 -0.04256925651616638717 -0.00936117154337376758 -0.02087194157629135294 
-0.05435187849033027568 -0.01680204969030529849 -0.20459229429908232234 +0.16860267065946057952 -0.05727864233624457846 
+0.06952651362806495927 +0.25534227001899190146 +0.44566501108988987312 -0.05247122016167747593 -0.09271029744299637276 
-0.35061344264753541156 +0.07635528203615861431 -0.06512227309257372088 +0.04624954152977013566 -0.33650915803352382527 
+0.10368826122844621018 +0.27824708604864983874 -0.18610451558443286135 +0.10224508285796728158 -0.03949035841532702595 
+0.34354615149995698653 +0.02872938818846803438 +0.00425715944360286879 -0.07050578614995836602 -0.06840312561917785694 
-0.03067546470360491342 +0.06620105560295024005 -0.02466726421553437285 +0.12716014724751284470 -0.33072627261746706528 
+0.27853502566122950723 -0.10660426901168233715 +0.15466420610741124508 -0.12543169114208882475 -0.20540198629034642219 
+0.09050436232750405652 +0.03693777413709720125 -0.15494610815909223844 -0.29129028707713688906 -0.20819050737809430274 
-0.03232640622113519546 -0.31657479038191782550 -0.18022369615655003949 +0.03437311902869424896 +0.19867644033457118602 
-0.07854223698380417840 +0.05282673846126883371 +0.19070921806150561983 -0.08565841183789268953 +0.06390482012507370246 
+0.14859636534829792631 -0.29273389471553279417 -0.19133749442736289192 -0.07915361478260665717 -0.09718120900385512906 
+0.16910879431879469181 +0.24591827588852510633 +0.05348813474301433724 -0.14218180193606855255 -0.40504209250325168279 
+0.00115186707967856149 +0.11215098765255906987 +0.17905004080165454194 -0.05264976203508892061 +0.05380895704052952866 
-0.27548872222975800961 -0.06773905349773554074 -0.04818432298740933650 -0.18354053080509433182 -0.05441777891882813162 
-0.27103550065986675710 +0.04350496474076415154 +0.11630536292325691083 -0.01372260591369613147 +0.20253538442656410234 
+0.31095388762758091605 +0.14010335574757254440 -0.21273643901815611490 -0.34014782837038953778 +0.30473828361998489545 
-0.00423273125767563256 +0.22196828260280554446 +0.20770127886489841984 +0.03915112961447639317 -0.04027421624060963101 
+0.21669547328910657158 -0.35769730880487593527 +0.05531138148978370639 -0.16914693584442616614 -0.16688964859453175871 
+0.27169742256709067396 +0.12075782296055678766 +0.10202890590247692959 -0.05231281555768228092 -0.12376485937817710559 
+0.18249584750860869953 -0.27935051777777675230 -0.09797759346114756629 -0.24045505698602134825 +0.03746622557844463131 
-0.16574206178821776492 +0.35500106938148884295 -0.09868080239994062031 -0.19205898512478211670 +0.10248217725030918379 
+0.09717236862874659153 -0.14725840325578565260 -0.31877091782171218526 +0.29331587317947044324 +0.02143464650986037778 
-0.07106901348549593544 -0.07588087935375820159 -0.06265726270672355991 +0.16718096272678786840 -0.27814615635251516146 
-0.02204342412355147357 +0.04082829265580189410 -0.20774999103948607604 +0.32804185230748267310 +0.01171365014178200881 
-0.36490640350113917600 +0.17246224255818443094 +0.39478910792634441806 -0.12511690734586866647 -0.14668085376075612469 
+0.03785357763749327281 -0.06433004340199073579 +0.15096207186993076954 +0.02971596758582772252 +0.09528399021135144920 
-0.10675309277361083593 -0.23252584643565854527 +0.08172250669015498903 -0.09459689544071872569 +0.11653240496802100279 
-0.19052113482276067380 +0.21388418934732919552 +0.04601454060893248044 -0.07625400125707754162 -0.17423544467904950039 
-0.15332487862432661596 +0.17023361057570915444 -0.15094313858076940926 +0.37789151891249006532 +0.02995483428192494482 
-0.18526079330830289016 +0.06004511632642377250 +0.10230999480943184232 +0.29011654074365578193 -0.19801524705360493139 
-0.03338337145830008734 +0.14921585049625879504 -0.10309616139674337987 +0.33525302998730305282 -0.14458975315030914155 
-0.10323228766172731774 +0.17421931593385761583 -0.11443889031877074736 +0.02827541288865682151 -0.31401192535319533139 
+0.13405534386788464651 -0.02970726982418006590 -0.15728972900066648388 -0.10394770075948607524 +0.25364744009950745962 
-0.28392018277817820948 +0.08783108736292105645 -0.37870479262799405795 +0.11531860233280648298 +0.00544236934052561017 
-0.09072635762484816679 +0.25751051865865254298 -0.13164954885873014767 -0.07296136136208160317 +0.29763137120278587711 
+0.33046138457541140987 +0.08904748051515051777 -0.01810371198014353034 +0.09864081404195092218 +0.04900941635497105264 
-0.07237679083136813740 -0.43319457887042384092 +0.18965255793958729624 +0.45994635464747296583 -0.09079889347932421084 
+0.08268153775773340319 -0.28822308558593623395 -0.08010365582623692193 +0.00454709862722537522 -0.10342578466096721823 
-0.05949654480942285356 +0.29420155339976500342 +0.12769438586988293705 +0.20688407171533285123 +0.06606563884007451981 
-0.06920158335725562493 -0.03787670091246817666 +0.10019313704946007648 +0.08301823509707487170 -0.23101031455385187541 
-0.02695229431811641332 +0.13507743388258514061 +0.22567412412431733792 +0.15483641416511403910 +0.05148777794418549214 
+0.00544009066534654855 +0.08552087996188913188 +0.00768362657065625732 -0.23220026227927786922 -0.23741558119167377461 
-0.03613045181850173260 +0.11731989774693521444 +0.06497383213825545789 -0.24933335338463627484 -0.16782774847468323598 
-0.07232474577534826754 -0.24086314396955563200 -0.01246820407569828801 +0.01407378104152193221 -0.06551903714667593748 
-0.09745429127097386679 +0.04139459434392150916 -0.12874164366385734692 -0.11401626896934154154 +0.03634924794348673438 
-0.02648700163207186320 -0.22132439634726935873 -0.12429108275112843440 -0.05606275492125823573 -0.08674086108309612964 
+0.20082938499688193779 +0.06797212836435895245 +0.18201874415326338430 -0.37290723552445292910 +0.49810881022981717825 
-0.42448805485992280317 +0.06972085938868111121 -0.15314525503471537737 -0.07687747164431910085 -0.15781508838441801745 
-0.28193131200959020699 -0.20845747292479455126 +0.00620493609931823537 -0.48028665212945809149 +0.24083991832281173573 
+0.21834828640429385094 +0.06339630717456448683 -0.17697371601613051673 +0.00097185713502412341 -0.07200825645412964326 
-0.28571638506045587969 +0.01763977680359696265 +0.04185249624872100505 +0.19730005782441459306 +0.13849851884373992617 
-0.22444973713614441158 +0.12661145178459920491 -0.20509964932104718383 +0.33624092284308088052 +0.10243352096298621867 
+0.13399195428868987401 +0.07937592390319292424 +0.10321580697735829868 -0.00408573331394930864 -0.02281730726029299744 
+0.10631753590596212944 +0.12856288562137921372 +0.08567710308863274449 -0.16164745588992085468 +0.17194122879941386994 
+0.21452930591020941131 +0.30523074242273118273 -0.00543430827364427965 -0.00216043625606317929 +0.14057706731924279886 
+0.23059103155751664582 +0.19094418320164741054 -0.23556217211421962010 -0.08763132887710023411 -0.10482175120421804992 
+0.09708383236985149156 +0.10620087383612869525 +0.04324706631129239531 -0.07138487257184006340 -0.09278533345432636581 
+0.22242324873858271284 +0.24976767327957283271 +0.24932536769056137804 +0.34661695522475866049 +0.07974333297096566908 
-0.21865002038724390410 +0.31056753096857719898 -0.00184874778311032353 +0.01690096713731820133 +0.14266081251792861462 
-0.26433370312835585692 +0.00712712566381211790 +0.17535409678907665221 -0.18002985239726623790 -0.20601529395980566761 
+0.40010537115256739060 -0.28963834376039038210 +0.09265228516875505249 -0.06629090432192331905 -0.05614573443146952947 
+0.04737050214590405456 +0.36303342934210341975 +0.05711458438930894221 +0.26152645922221762209 +0.38327548507899222852 
+0.07730705523110381616 -0.03489793828543458903 +0.09153263534873247453 +0.10524767988710793942 +0.31419169696516968671 
+0.03397088660009518063 +0.08057828109276329864 -0.19114873170153559578 -0.04171364113384651295 +0.00488042238864505075 
+0.08265996861430222054 +0.20762545601561904762 -0.10441311169666900316 +0.09696830609147895352 +0.06361940219495831883 
-0.17226594912108686430 -0.01376387982046123337 -0.32272832242770083111 -0.05364955047938388399 -0.06923723476229745599 
-0.19713670458853022049 -0.11262516133028153964 -0.07923500199712260605 -0.09616749038429192598 -0.11276118690276952516 
-0.18456136398903497109 +0.35550815702984100986 -0.13440122750698929588 +0.19234894492242943231 +0.10656928273533287921 
-0.07663290496058958179 +0.23768712869263708409 +0.18176309663343062639 -0.50076769761441197737 +0.18547936098717285325 
+0.08564404203833639317 -0.11842569599411259529 +0.08724564043326388241 +0.05579856980196813698 -0.12867360990137086119 
-0.14015379524621490726 -0.14835821946824556683 +0.19527592144286715081 -0.17509369811118236093 -0.15383992450605477043 
+0.10810099424348318387 +0.18069340696250496547 +0.14851300057118757558 +0.05698043875840454880 -0.24571526891114187086 
-0.18252648550000569183 -0.09075516055313040398 +0.10261664259030438273 +0.15281060828095616166 +0.19627356564594450328 
-0.11832490043393498191 +0.05409251624259175245 -0.13180300072506020981 -0.33044957736629432254 +0.39047855303318279585 
+0.16701351220379001550 -0.18514650019285125437 -0.02943809466391844945 +0.20015992548174516008 +0.03623629094476702589 
+0.06865783020227884947 +0.00274082065645321962 +0.01769955179661542727 +0.32265543012453196114 +0.10308948001896076074 
+0.00418106472575994689 -0.14431558040066441717 +0.19471210639784658492 -0.18743474176257449160 +0.21366628726059647136 
+0.08300406147528816003 -0.13959661955458319005 -0.07979364055091336949 +0.38296672067605458389 -0.21665400335308732105 
+0.15258583631067629272 +0.02377509824617073109 +0.17460420118215774776 -0.15480002409097201599 -0.10055734498288251832 
-0.36277542049437949689 -0.23049098823764202493 +0.08897274804077856536 +0.01052974913105821780 +0.35784204302608124681 
+0.07466656818026126685 +0.10679373853742446521 +0.05511726012247818163 -0.02788661949322280426 -0.34248914906051169948 
-0.13705003450038494295 +0.22380237080584775011 -0.18080580340815310958 +0.21787171028674409690 -0.12069923378025568250 
-0.12533628114978853652 -0.00288358318063045536 -0.24482331549591954123 -0.15681049443329675430 +0.03646519359597497761 
+0.24212907016534543359 +0.08540197804960789063 +0.14073884053935750704 -0.31181629056940679545 -0.06750605123981112676 
-0.07801906413879229618 -0.18374760027488534764 -0.14378594387523233045 -0.13189381227001137353 +0.02999143624573654202 
-0.20159879480260867179 -0.10500119152868371553 +0.03762381320795180062 +0.02714798869184266439 -0.02846688820592554320 
+0.00648302218624192961 +0.28879099564254950838 -0.16362655963075795063 -0.15296388532838503527 -0.08568608547518487273 
-0.20646052103294842972 +0.17911718846163568464 +0.38560877632198453657 -0.03493031420091088912 +0.49472948964504392944 
-0.03866719137574626403 +0.08525374987199407784 -0.08017294090303649090 +0.18608998532569104301 +0.15367760429066215644 
+0.06857747704527611399 +0.09450656041839880506 -0.38620981708349333417 +0.10157464516005289268 -0.09831675385080368423 
+0.28199936968121658287 -0.01718441254207819791 +0.11070712420776926410 +0.06238692457990453744 +0.20367855752958199944 
-0.09588341658406168699 -0.08530110749610024523 -0.28747359755522283731 +0.19675287943393698908 -0.03552148153558110089 
-0.20060226259951252636 +0.03214563278495598947 +0.33307907084423388211 -0.09556031831878697425 -0.11836434273460821887 
-0.01421548067951230315 -0.04577553587387304251 +0.11505489020801147604 -0.03989854083679115343 -0.00637138111233081280 
+0.46139810704264361263 +0.02842819407925849945 -0.17850135358381399864 +0.08465721606868212290 +0.25583784924590946552 
+0.11965648752641631913 +0.04836670190997657826 +0.25887424331199160310 +0.35512534308518506343 +0.05451452638523599653 
+0.06803663076580716840 -0.12844303638053303218 -0.21174936281735617927 +0.07765318944713757443 +0.25988895525420163679 
-0.13016696523942872243 -0.19030013115024396742 -0.02159068797529113334 +0.35662641760865898544 +0.02472905468409721669 
-0.31698219358644880161 -0.18714508815991690027 -0.39464983573531076111 +0.01941255861615407557 +0.12326703553693420246 
+0.23815617390604879033 +0.02116646655800065446 -0.12485273301239500909 +0.08542748346850080610 -0.00301365434664899179 
-0.31261449448572142806 -0.24469323647693053125 -0.10090345719505094957 +0.18416061958606733118 +0.17920155853197802798 
-0.09095446863795574044 +0.03207524193036809246 +0.17500312586303015672 -0.01228366409743607973 -0.13517424402669542260 



