# name: M_D50
# type: vector
# rows: 1
# columns: 2500
-0.01723577852311561354 -0.02080557739093933864 +0.03202790909418209292 +0.14239757455609453052 -0.11153745674176411551 
+0.09305204851901002772 +0.22819262226872252808 -0.15515983102206365452 -0.14041452150495117857 +0.21509852266648304964 
+0.20826501516155057625 +0.11269331609350799472 +0.01959993997195528387 +0.13943624269344578881 +0.01848096947885370309 
+0.23381441515010248366 -0.16380168768170891291 -0.05487357874706387528 +0.12364890665591013463 -0.04973677998475157375 
+0.05915393034997954574 +0.27215496643084907680 +0.01348095360141856464 +0.07957245286849685961 -0.05074991545999777559 
-0.10298598116987432716 -0.09809265917046813832 +0.13322840259975413102 -0.16870413015405072432 -0.27317210408059577897 
-0.17671654054471191975 -0.12710403198352768217 +0.19842980727734624291 -0.23738717203581377602 +0.06769186240194827175 
-0.03623136580476701146 -0.01411837625118750848 +0.08468526451641165964 -0.20364909208916173733 +0.00344847035204831620 
+0.05080775776029219232 -0.02184486179549731052 +0.11224659083330615350 -0.22016912545293815251 +0.03157536250699405356 
+0.15136054663602932502 -0.09196084418453540077 -0.00879799893507862175 -0.25974439933674109415 -0.21587059758201376791 
-0.12653974636019302280 -0.15839069208706191283 +0.20086527292190173299 +0.07290263389698994900 +0.15554638109254978473 
-0.14587544612479250161 +0.08194872958173976540 +0.23972915067118172328 -0.17669428306339640677 +0.02975283576790813816 
-0.00687186487164492127 -0.15411345718423893891 -0.00100323640484422175 +0.04745029640901961276 +0.01937579953624764262 
-0.04842768526618553698 -0.08246238440223097044 +0.09221720817475959064 +0.05070337126358091806 +0.00610540775973082966 
+0.21634132999998950675 -0.04542666679418203707 +0.09681573075003657713 -0.18098266455199088498 -0.17176840588537739540 
-0.05103056623612459153 +0.05776584532550164269 +0.24228819216682462301 -0.10102738412667315593 -0.01702395375486472767 
+0.15799515061079058564 -0.00680754611687034959 -0.09967947949289776566 -0.17116078701114081917 -0.10880268741036742963 
-0.13200775853816981709 -0.04244860755807165764 -0.25980757856052671961 +0.08802810494926803508 +0.00585091276373442444 
-0.14712355979569044506 -0.16671974633183178627 +0.00647201680891607706 +0.12753907692460314527 -0.02290159875362452607 
-0.34505830960681554975 -0.14589816866875437995 +0.25602422777497413353 -0.29391160347661182684 +0.00101689042741368767 
-0.07106526830514545146 +0.22049681975841894932 -0.09345639692088225647 +0.11679341953063353265 +0.13877445579907121687 
+0.01199808207592581791 +0.13768491175196315157 -0.14908702966403239443 +0.20749583370286803219 -0.15215026227343120269 
-0.27241507404286513516 +0.06261241903072450876 -0.03137897886806073622 +0.19088372543946549587 +0.10507404026797349805 
+0.04840126666764770630 -0.09111469568891063242 +0.07559316609115869501 -0.04781251375769287465 -0.12287162873950037423 
+0.08293510806863900464 +0.03733078816736545152 -0.00801407765228759165 +0.10809060200591670553 -0.06417369495860120177 
-0.01589078708105254312 +0.08425895709607011952 +0.02315310713264094947 -0.19331888798820059949 -0.17769781494326358784 
+0.06768002115763915860 +0.05760778308094601646 -0.31430711267896205285 -0.16556730756617507594 -0.06644327297882440808 
+0.16384575360024272728 -0.27388463110996519312 +0.18055638720816469256 +0.19825408663161317446 -0.18017914068646220804 
-0.03460269763301954127 -0.12529370611558005022 +0.23973824744085994731 +0.22162429429868835129 -0.10081099310586649764 
-0.01235523772863058277 +0.11829448870900061141 -0.14866611252064712567 +0.04994417488407688899 -0.13682124728623931698 
+0.22780943961553568045 -0.03549213727638247939 -0.01330277685105915944 -0.04730634320947130905 -0.25155122876226110318 
+0.03783994862168812978 -0.09830797143812804173 -0.09635362006168950166 +0.27605058949908350963 -0.08697924208924863454 
+0.16699718945822561444 -0.06773263861451547796 -0.16019468012054025041 -0.16412405457561435318 -0.05600637637886035636 
+0.05306769531901024683 -0.06428417733510061183 -0.13786374544364177197 +0.19409893698454375177 -0.08712830659925138721 
+0.00436684506313691871 +0.03315203330935376225 +0.09606401086002100409 -0.10157726357965898845 -0.00220669729398498618 
-0.10572523117966825534 +0.11997258824924081355 -0.04207846087935383783 +0.04457045491996428771 -0.06963752463663261394 
-0.22360140303658138095 +0.17674220466585213729 -0.03949614256590327360 +0.00246935334250799037 -0.09937963289241015519 
+0.06959535063255180287 +0.01178059913927100369 +0.15760756434880265897 +0.29838474471322967707 -0.21167346581096346814 
-0.30597244728427869243 +0.03700305385452904577 -0.08521948220637413918 -0.07967010789858108843 -0.09177097464391326120 
-0.05267675201613503805 -0.10527131657691569944 +0.39633438712320251396 -0.04413443147956279400 -0.12836039564365883670 
-0.13511485965879288518 +0.17456357313047882185 -0.02419740652149990692 +0.12229680053084188152 +0.22703796427729683316 
-0.14866011334579964931 -0.10576274607284964768 +0.11160042885613957742 +0.19136485098744859812 +0.04601280128255478413 
+0.15071630655121912024 +0.19069464776577521592 -0.21375640736640727502 -0.07248743062430106077 -0.30626623622088855470 
+0.20667276737682499510 +0.24217433596931214890 -0.08993491114525832553 -0.01630920013117426182 +0.35303504886454184497 
-0.08642172782265884756 +0.08662780862862246023 +0.09942495818773311456 +0.00027148002773986959 +0.04055898631851680841 
-0.18812159911065948203 -0.06338829976298834823 +0.05471761545454238707 +0.03179780788620190091 -0.00014631005211285242 
+0.09658197889555522608 +0.24773941833108090171 +0.12518429429676744546 +0.01326561730469282517 +0.22715787565076953070 
+0.09829190239588739275 +0.01778916641097310139 +0.07140552636590632996 +0.03171309590367690778 -0.04693599976735227108 
+0.13632873119948551999 -0.09264517772399537276 +0.18173796177022760734 +0.11240529964671336360 +0.13464328308912451582 
-0.09282897558969735452 +0.04945857391920285839 +0.07622599790969640521 -0.16296031747912745336 +0.02805147664141280361 
+0.20820775723460471784 -0.01535014853605130326 +0.26831506324952297815 -0.21616507497699069540 +0.07639521213138604494 
-0.16910384793265784142 -0.15630915514763840668 -0.25979196735000120722 -0.06897434896696394424 +0.17976691413258272245 
+0.15910038186656258463 +0.21622606462938401273 +0.14318749139997963282 -0.05647584494959488610 +0.00923663918438452115 
+0.01076074344370871877 +0.01840876018482372201 +0.00874870568192869479 -0.06279051990416635587 +0.15784942796147993782 
+0.05450222023897862561 -0.07228152559520314990 -0.08762377874122900812 +0.04295308896559472261 +0.26914545282749668953 
-0.02511376207659400672 -0.03370032762735686999 +0.23022436203456597692 +0.12852493683105628564 -0.04514054011726606475 
-0.04936083355768396130 -0.08295017698867768186 -0.13139345230172905232 -0.07155427513658341176 +0.05918601653869448587 
+0.00694974258623907125 -0.09636340515903207837 -0.01969579731243871132 +0.19905518406004876764 +0.24269449713843474492 
-0.04932412450727675229 +0.11457714506308687430 -0.02315830331376276391 +0.29796027666063756856 -0.18677210104724664697 
-0.00239193288339261019 -0.11770091253331717296 -0.12157527377608748353 +0.01352263673127937493 -0.27112995343460344344 
-0.26948629469506146794 -0.01608580196393322170 +0.03802944153386152160 -0.04781138303458780381 -0.15910887983606047946 
-0.24429340182167033624 +0.22857747641460107735 +0.03220741009109341635 +0.14050742203697669241 -0.07342664329845403903 
-0.00715496690274726975 +0.07358872974879650253 -0.12989070861350648922 -0.11861290559237945563 +0.06459650680959126701 
+0.00044607429410156458 -0.00463019468095853849 +0.06432187895141518175 -0.20085638304770350726 +0.16210201080973157817 
+0.07127147963015398324 -0.03199148153549434548 +0.08868357136125515350 +0.05416272190610833814 +0.13535913488659950810 
+0.07248897508707587145 +0.00351402254135770075 +0.31429233849617022045 +0.01944636624392542118 -0.25252987511267865894 
-0.07311992304999551107 -0.29219799758889902774 +0.05559047741504652418 +0.06324393274419440325 -0.14030702031829694887 
+0.04505094239607956158 -0.13497542072362292420 +0.01054857908471346951 +0.18461158509893874080 -0.15408960952999542493 
+0.03662204912044165345 +0.19789061719679953977 -0.19207256062488614612 -0.07992471625446348482 +0.31317327635393449325 
+0.08487062466870907984 -0.05369688734179680484 +0.03284175457180064234 +0.10885332461357274947 +0.21126729148631434585 
+0.09076028345052958302 +0.15553217671390612287 -0.01644107340966296030 -0.07194800736768916516 +0.07914492941120521152 
-0.20239172768829497007 -0.16958084391138408820 -0.09980598807558646590 -0.03132069749475241416 +0.19595970990789973731 
-0.09518645979677711755 +0.00007769346991191514 -0.08235268356464270356 +0.12857750496223172010 +0.04465802096675838828 
-0.02525838901263850744 -0.05940873613997187108 +0.03473478368317347437 +0.26865283718986454620 -0.11544466351470342169 
-0.10565560490564057661 +0.01940177734213156466 -0.16290218197735448213 +0.07624355872319707461 -0.10911577194127292101 
+0.06571678525682508876 +0.19040210457867798310 +0.05058090679698838688 -0.22739095267808873135 +0.07775442640400528904 
+0.28122343504652430601 -0.16979856620358099728 +0.04228960328071947744 +0.17719739013738436406 +0.07993324326737555330 
+0.21733242420013729190 -0.10179584202892141831 -0.00287113137502575944 +0.01490122026478883643 +0.20504711935877051321 
+0.00439936523972021473 +0.18652449443331658996 +0.04828175174638716510 -0.11348050101805859380 +0.33296205879507501102 
-0.00194430619681489752 +0.05827610855183636140 +0.35173873868132909948 +0.05927831123195571872 -0.12646486941332760190 
-0.21690767833007265630 -0.02572260264526532794 -0.02568912849511509680 +0.01898721721404084822 +0.11890271966482809929 
+0.16620254808766232735 +0.28728475098015904265 +0.13896877233293439269 -0.05404607274197107541 -0.04036846419228239113 
+0.04192230474329022849 +0.06345859785157682842 -0.01846100572137466742 +0.14506461501326936570 -0.24270262514662463427 
+0.06514958181931582160 +0.03444423999607240661 -0.09160666875636293283 +0.15021905454405304337 -0.00220537239983344688 
-0.07927933097769432336 -0.30377100524117628400 -0.07639449430054159884 +0.20093150791985975312 +0.03125188895455770915 
-0.16623263051027131754 -0.02318713790892973012 +0.13661950552261636904 +0.00785285852364622956 -0.00784115362301361814 
-0.10495683381662107569 -0.06557663415550846198 +0.04102668097271614661 +0.36170944846262131911 -0.26508652555681933016 
+0.09719852238022796964 +0.13710691007076777903 -0.05375677334548938091 +0.05527639417422438445 +0.16028035837182155743 
-0.15401555301158803557 -0.21409596479691578308 -0.03112804901146969463 +0.02812075224983280955 -0.09111037859146453588 
+0.08577654794928343818 +0.02059389613485401380 +0.06318288743384899153 +0.18551701170853182599 -0.29007624275385529566 
+0.18111162442073464041 +0.02059334151369558719 -0.31848463890429079548 -0.04750774979057006964 +0.14907868303403090660 
+0.02668102636201807529 -0.05222423939847797153 -0.01412976880899701609 +0.08507347410651644459 +0.19379460319948640934 
-0.13424135298738840150 +0.11303942452513954242 -0.14696106351278129254 +0.20522182166385599666 +0.04517134039256905792 
-0.00504799048828620100 +0.01475862995433342012 -0.10871843663674217451 -0.00848948519791940109 -0.05236184194903866634 
+0.12531124123751680166 -0.11108826262339312196 -0.09456713436034897002 -0.09549261909265724380 +0.33586991692577961022 
-0.26928433758806269438 +0.20239048312435270471 +0.09080810396338100110 -0.14366860475241000072 -0.13262420510793337947 
+0.00916390340184242667 -0.10253378051663004922 -0.02770652285205153428 +0.07860926533832203467 +0.04427166929078900359 
-0.12394318625563906233 +0.23515505899384522848 -0.00858756681228112564 -0.24800922203514486064 -0.20884991368158561942 
-0.16374483688168148254 +0.05579537754128102017 -0.17739834944420926344 +0.05091216831162986844 +0.02230823781647244680 
-0.20425377439919067957 -0.13347540885740954986 -0.14233788597950977617 -0.05604291243073479534 +0.13909124524205676576 
-0.06802113784916938299 -0.04246999111080314304 -0.04463484621014665588 +0.00789082992197300860 -0.22099476701548104174 
-0.08910101426985744810 +0.07212016943536264657 -0.13448122438481757701 -0.00485152393269618933 +0.05930966434437785761 
-0.10183432349393775618 -0.05351078350083575408 +0.08375089879735245213 +0.20816695267105711498 -0.02496207510388199699 
+0.24506398473433282925 +0.33964510731939756560 -0.13851575711054214812 +0.02170961825119985950 +0.16684027043483770636 
+0.03620021764487578453 +0.17548367689290503280 -0.05007665415538137266 -0.36733191285767297085 +0.02886403914494244799 
+0.00761024355026838212 -0.06434679892342803909 -0.03231208618051997078 -0.06290161986813395945 -0.02451030058156072194 
+0.18675247680944015438 +0.00826073388624994596 -0.33441498291752452809 +0.16828993757251090035 +0.02997304522903932594 
-0.05170906835500693743 +0.01745617045015131208 -0.23462897019576536839 +0.15538767155377883333 +0.08397324293224858738 
-0.18480563209970635175 -0.03053526611923778819 +0.01048491852859680454 -0.22660835978387372514 -0.09218319853822246057 
+0.25753704449738012983 +0.07376307904216225508 -0.05711803332705506914 -0.05359770282286038801 +0.04947496972991914654 
+0.14887138941833089056 +0.25480279621042850602 +0.18814840936632701296 -0.05700812564838497049 -0.33495055552096353324 
+0.13331960542198706410 +0.19843252753860346482 +0.05309252262420017382 +0.04813463898296252430 +0.16041005165846694558 
+0.12491460426191898503 +0.29239792025538702269 +0.10295093471632943416 +0.07115866568114011248 +0.02526105573791978531 
+0.13008701919826270998 +0.08124808941391556405 +0.07333840826526064061 -0.30826053856601365322 -0.04928576794058102395 
+0.14680582323049942706 -0.19603547857146250144 -0.09191322123571653291 +0.02641158235975979082 -0.16295130344302508063 
+0.21539931012627147600 +0.13142661595405163988 -0.15083366054953306623 -0.05219456324023568489 +0.02427837385972289250 
-0.05223477561193250879 +0.00045881952564181833 -0.06819618593419236874 +0.10559011916949152809 +0.05789535389284738987 
+0.21688284082552403143 +0.22424840278233579283 -0.12959187309094971630 -0.02216670553506375901 -0.07919161110392979042 
+0.05716556030957543888 -0.10268935645523132039 +0.05709388691910817493 +0.10408906807385054361 +0.08979214503515425827 
-0.19107853634985114133 -0.00139750166517418721 +0.11106559654419825844 -0.11594367410410739982 +0.06211772256324749747 
-0.05943110611987728609 -0.23086338177406665051 +0.05395622768946520265 -0.08347216071116382585 -0.08549594768376476972 
-0.04340556871957129692 -0.18040830613176278563 -0.06541749910585002714 +0.23285512416394080204 -0.02506368684136979497 
+0.02373632710464939483 +0.15473699385555431118 -0.30180849915777679948 +0.09187798072756767076 +0.13045811662387324370 
+0.08152922825536847162 -0.02347424719446366409 +0.11027855738327212165 +0.00331533507474933431 +0.05736045682825936798 
+0.06312277304677438305 -0.01359184479110553401 -0.17916354356650002200 +0.27348858425417427176 -0.30493459814357865012 
-0.24840648774959592227 -0.09493155927522091420 -0.10228086493548041447 +0.21056382315937438587 +0.16816638379960585636 
+0.07589329393460722550 -0.26680983984928641206 -0.09352107853930741177 -0.17872245787671842132 +0.02277049980112552316 
-0.05541522501135942580 +0.05704949508375001255 -0.09682238091687331294 -0.12377509972065348087 -0.01164355677303461484 
-0.19333585678119935558 -0.19206007951097892050 -0.04067211416868203588 +0.12487461638162539179 +0.03595703308533169940 
+0.23378842085025386410 +0.03231361057630897926 +0.03685949276941305475 -0.03660122025863982859 +0.10169860803615878020 
-0.28006208965326145899 +0.17633674731918211331 +0.15853103289210920823 +0.23763654415856125257 -0.08231568671892286471 
+0.08894542808411193269 -0.28521036536070293321 -0.00697396136118930837 +0.14153587454077495855 +0.16540826841130135128 
+0.13690065734370113204 +0.08070739370471491370 +0.13126464404028417854 -0.01221782718987013579 +0.01631138156605356840 
-0.12598374285913982451 +0.12989625316036085279 -0.10755011532957699238 +0.17601664616193890556 -0.17928713507785534742 
-0.03605984619971715210 -0.17489968023010768472 +0.08305490908691992580 -0.08295158218680562245 -0.14663467278611250211 
+0.11939007481681075673 +0.10651667495203116787 +0.07479134716558855089 +0.08460195780656334930 -0.15740178671609553196 
-0.06912941612602489794 -0.08101563542437995036 +0.03812159317063219810 +0.09011040007556518627 +0.24680275588296601841 
-0.31235600671869628853 -0.22022040850538113221 -0.11370653084338026850 -0.07505015958027172474 -0.16465558016333201041 
-0.19152168926823798234 -0.06657587316272203792 -0.00397009341993458630 +0.02975487289617078507 +0.07628594897040610889 
-0.03391473739600273096 +0.03825382715238784259 -0.14557942462639436587 +0.17745544179048627909 -0.08979684630366362164 
-0.00586519795525205622 -0.22663214758258984349 +0.07894524372930544764 -0.03417572381289613742 +0.04583791461003297596 
+0.15545841446437566602 +0.15128466158281431153 +0.10449259553498653486 +0.14680411421785596882 +0.52853262875494511075 
+0.07719755025825505990 +0.11064563713599440131 -0.07615012337893206640 +0.14625985942085487079 +0.04664998003927335601 
-0.20022004070192186975 +0.04723938488114501344 +0.03842000389345945344 +0.11955553554488398960 +0.01515347117643451799 
+0.05539226666739428817 -0.02118098012182996481 -0.14012496943471233757 +0.02247526898560597147 +0.05572257310973412203 
+0.02549659280733277550 -0.24036210348364975276 +0.05225077218900493758 -0.05332475488061985680 +0.20476193891932389923 
+0.00361681905167290582 +0.30857176888025816819 +0.01963185056288098418 -0.13987466172558604693 -0.16025239461767398774 
+0.05839860383342106859 -0.16327621313085938226 -0.02296148711001696346 +0.14708695948330566261 -0.16455991024916530319 
-0.01639154710540742868 +0.16718932306134962062 +0.06172263804524792674 -0.13045647121305112281 +0.01509730023009774047 
-0.05104103447554139694 +0.16085705128735827696 -0.05461064637394408283 +0.15633958224729788133 +0.12767791012009055418 
-0.05834811722635578624 +0.16627095741208205992 +0.07267480008989986306 +0.00151659809757299750 +0.07195221265659837440 
+0.12279500435773592348 +0.02135130678298475040 +0.01009570177070236163 -0.01244446647446306731 -0.18015161175193167287 
+0.31803956475421352179 -0.05720533020499741356 +0.13027257644888709520 +0.24858492008782703819 -0.24106917315866027707 
-0.01866540578095725669 +0.02042896776069464543 -0.19134310416702324242 -0.15773575032501932491 -0.13228215443846272348 
-0.08935147523283787363 +0.00501328766141732537 -0.19417029158063181526 -0.06879325341283996920 +0.12228647509578574604 
+0.04914633321464071530 +0.18259759607155326422 +0.12874578474014169993 -0.01505368236822231948 +0.10257856573379389720 
+0.20071432306870545803 -0.10271063122036484805 +0.15847466640599422449 -0.34970129088360596414 -0.04306532473430724206 
+0.05063121804929007763 -0.04734954168629571664 +0.09872986301004878229 -0.00360414356710791507 +0.02364120361892289857 
-0.19366277151421734670 +0.09357172422179263482 -0.02212459797101453893 +0.07861982745327789068 -0.13887545930622952062 
+0.18120097088222986148 +0.05933708647859484153 +0.15705919409532193010 +0.04936098183719473537 +0.33137257633089911568 
+0.15543939080744784142 -0.09230346789917052985 -0.32437044529259084769 +0.07838706329947750517 -0.05627118128036225769 
+0.26826469579443323887 +0.11446170818643655598 -0.03004959836104137763 +0.10635975486613795382 -0.07244651266475631013 
-0.03664794030445300138 +0.13863833915758552728 +0.25805333085032472473 -0.02036180302496540598 -0.09571731788572637734 
+0.20940016666382399446 +0.09288430667153407816 +0.33515989779393612347 +0.13129017808337301032 +0.04782548217817456787 
-0.19028388003621948821 -0.12149591119915342796 +0.08257796518813063924 -0.07139440962241315469 -0.03034764065061354432 
+0.05550505338856959181 -0.20776916381662199895 +0.22535551275670101523 +0.11110897517329366979 +0.15920761952776765757 
+0.08183407173232515319 -0.25309617014976520943 -0.10763504194339512665 -0.07505726148461916436 +0.10673790753091769168 
-0.20087674039969694029 -0.05915463773832882466 +0.17253757126387034293 +0.04201115134340082519 +0.03612978352827938416 
-0.01529671354631949656 +0.10555773435985563169 +0.05170978150401094736 +0.02615286339267682003 +0.07127112181453902628 
-0.21964093740772183683 +0.01786742172020882452 +0.15899538994988665630 -0.01238178458859173596 +0.02826205616076318122 
+0.10860409487484133650 +0.19553115775571958124 -0.06412540059818465366 -0.00280418620319310575 -0.11525752160782787303 
-0.12569331739412800686 +0.13150205326747824164 +0.13471361859424263452 -0.06200756718672405243 +0.14625018166312203638 
+0.08086950435979715912 -0.18915928781596860753 +0.17954097924016743093 +0.01537974422583671986 -0.02655808386757818260 
-0.34555828509038161167 -0.05168816506697804930 +0.02541486660420323729 -0.07260618407031876886 +0.18993404747838360525 
-0.17058665728124910999 -0.17143454872283672707 +0.04405956038287404952 -0.05803363056690537952 -0.05714156818619312017 
-0.36645629505231169798 -0.30700793009167259839 -0.25900670343020548714 -0.17227379921272034657 -0.18624353068934071387 
+0.07040324608232410852 -0.13195705992514963900 -0.08975272098116147956 -0.13893478965397176861 +0.19375880845061757562 
+0.01926105557871553992 +0.02978504487213542648 +0.03667192450890442018 +0.06579430282658306484 -0.09054480386141587622 
-0.03441343029961131672 -0.05693189850931190676 -0.03585659311748742167 +0.09682728388547920395 +0.04626707009796972303 
+0.13301611547746705622 -0.09341491007400665181 +0.12743007178832130299 +0.15720373880479826534 -0.04966055736722701369 
-0.34811649240415776241 -0.04255214388700685052 +0.03570515938670875550 -0.08093722043809130351 -0.28754869831601059804 
-0.04929567122999715945 -0.17235452017109881284 +0.04509215305436271859 +0.03050373514954786425 +0.12412251072548506625 
-0.07017465675900788624 -0.08416287202437316983 +0.02708996812117236280 +0.13688868045091340253 +0.17796673070677207495 
-0.08870510780476210944 -0.11997162071156788898 +0.24421219518152015304 -0.12593138155812991230 +0.12399100093256144872 
-0.03098020727321974116 +0.03744353935108750420 -0.00619245513274053160 -0.05346124266275450315 +0.23747882224506181026 
-0.03330854163732572398 +0.12998609264494251359 +0.08649063466817975832 +0.02127391114016410900 +0.03553053864819916835 
+0.01223177953924752849 +0.03508203115719656096 +0.10215685194777733569 +0.05748575887113652194 +0.05125064288022559283 
-0.06037955717158870889 +0.24695158001225581135 +0.36422476939067249813 -0.00064605048837005166 +0.12488822533626074696 
-0.11772625646591144966 -0.14321693071973620737 +0.39172578233126581493 -0.08794125752982259736 -0.14233979704225199758 
-0.09085130012305425717 +0.00465656333158990902 +0.09980926642433522733 +0.07782878346951764559 -0.01007103872266345082 
+0.00776805746275267221 +0.11053615388101323269 -0.20243040708552084705 +0.04339101813509003286 -0.00960403910223624029 
+0.04743817935450902329 +0.24269809484218701767 -0.02759600928868293987 +0.18074293561904919425 +0.13986847667575202925 
+0.07597785322990262269 -0.13184025405983867962 +0.02947320449438042139 -0.15434085672302350067 +0.02483644967356089112 
-0.18304085026844738038 +0.13728422358387404323 +0.22485931258889316209 -0.12752220525918669947 -0.06035754882033303459 
+0.06280577935008943569 +0.17049854182391749324 -0.13959418475821727679 -0.01802814580535896938 +0.09989254546123720047 
+0.03574437122141942147 +0.15544111991162609665 -0.06756610332361999427 +0.22591248107696554337 -0.00798157365876552005 
+0.17401011782644854042 +0.20050096823586011086 +0.08508103147609641370 +0.08712637190325221714 -0.20025337902278392277 
-0.20548986234081684232 -0.12888520080621032604 -0.02935587837963307689 -0.14882029783367570208 +0.10905645921499515505 
-0.12104117226093351334 -0.01082618769161269694 +0.01842130563643941052 +0.24012410249955795649 +0.21102150670850960967 
+0.25338235539931147633 -0.14985305075141608366 +0.06396342412796078569 -0.20281528769120693578 -0.21703076237201485155 
+0.07298605256213860915 +0.02511192556377487423 +0.06736614592230680265 -0.08319255642693078323 +0.22606326646246718837 
+0.34535959118217451902 +0.01530633867848881467 +0.18496290313344915246 -0.18925885724289098766 +0.06407843750241810910 
+0.04945298928688655199 +0.02369034434762984018 -0.15875138802328800369 -0.01341525324923405552 -0.07007119355687019269 
+0.01414729455936386895 -0.15439021489379101126 +0.17349872515818620666 -0.04644509649617920011 +0.12389912638410237322 
+0.13766463811597878797 +0.18454296570755529538 +0.05099237410566119511 -0.11435159498693918401 +0.15144063450885944522 
+0.03783963361356356553 +0.13485338196220356122 -0.24315853548003055207 +0.32350883472055180778 -0.13025320130134623864 
+0.13512943833841478680 -0.25222628281016079566 -0.01820029925403126789 +0.03700357953524482241 +0.18654719468875388677 
+0.16536213607066596598 -0.15938438406626476151 +0.01444119371943817544 +0.17808266855821228147 -0.07363406869970956503 
-0.17998752509992996251 -0.14110667052002662247 -0.02625835489852244853 -0.22833449909152614410 +0.07832489666478124890 
-0.04094041662125454811 +0.06427607335720100790 -0.06528174184408729042 +0.06686767457164888295 -0.08139740560625839672 
+0.18157691222947380805 +0.16835336556292551657 +0.00144811708272867381 -0.19874916955112420514 -0.20697206477895890853 
+0.29601512223321652106 -0.21633946526735861604 +0.11508039189030501437 -0.14610975553508917524 +0.01623145965291992662 
-0.08009665651881478499 -0.03590960093346771270 -0.16537031823451375789 +0.06648646359329375699 +0.18591760213959482306 
+0.05164913794309526629 +0.17847391337644399889 -0.02545230253535795892 +0.06741836875398858620 +0.12704391681580481932 
-0.00412625077621043418 -0.20916671369505368538 +0.22159969356230937998 +0.07640783313238390384 +0.04859167851907648938 
+0.01191898809961305407 +0.03484655658187454930 +0.24094658085132053538 -0.05828853722271138543 -0.16627506265386673978 
+0.19627605320047852855 +0.17463219969641527451 +0.04250430541540303753 -0.18935954693849207930 -0.17724104768915957542 
-0.09284521010156177034 -0.10273645008261779454 +0.06613372782581289355 +0.00023739247646658652 +0.09437683973993656050 
+0.18662379665924119787 -0.27553894934761213875 -0.18492790914665424573 -0.02186450489301612621 +0.07877652448129439378 
+0.17462153159366869404 +0.10591165649453916642 +0.03636900442650511933 -0.01855801990320813180 -0.00881671576420921081 
-0.04811530175424248712 -0.01261031402709357832 +0.00727893599473102351 -0.04926476614087382799 -0.05938607380769038435 
+0.02138304987826502440 -0.12074457387424208932 +0.01491605128782410097 +0.23612403501130913019 -0.00913391628438374979 
+0.11469079385893757306 -0.17610840562525287289 +0.32248063655428160779 -0.01788315038150670513 -0.08782659585844365679 
-0.13859820201273626017 +0.08831947567180392644 +0.05336798814647284589 +0.38412548791130407544 +0.29956821799548039031 
+0.16373365412380788686 +0.16525634426047061676 -0.04724892045539137719 +0.17598873587612973157 +0.08504216495623873051 
+0.15019101137918608457 +0.00166525128739380924 -0.10186076969547649962 -0.08789447062332034211 -0.17139667639300232294 
+0.00558870670615484177 -0.19045163844804163800 -0.02132691360032768629 +0.01640088757090968352 -0.20730153012750146546 
+0.23223585416799438774 +0.06385968250625202736 +0.03734204339177979448 -0.15342268773849554453 -0.01997964195278287974 
-0.01129382524198051241 -0.08178395044164371575 -0.13249393473009915545 +0.10256899988121329081 -0.04609068642634932267 
-0.15682538801514422921 +0.23408453865414430295 -0.09298293802182450163 -0.19383675143749365399 +0.08071055671602613002 
-0.05819387127957048600 +0.29655115944524818028 -0.20273754898242946076 +0.08627162453837257383 +0.13993572479586402491 
-0.08764539024117318222 -0.10608013267679121394 -0.06393412156830000082 -0.02145236705652289744 +0.10671629425074471986 
+0.05963044709923760733 +0.17956428700060739212 -0.01335572215708657681 -0.23474466895061618654 -0.08471425600373244658 
-0.07030294258910986527 -0.19505945593565884866 +0.12518316727786626963 +0.01845560299825536876 +0.04923857597056971458 
+0.15954983945088763164 -0.15987087233832347755 -0.20739429429906011682 +0.14740560717426459680 +0.01146520479459672837 
+0.12273669531975150981 -0.09612022370069243926 +0.00801027391048432513 +0.01630425892863751960 -0.10635607712452806173 
+0.00725649081825655018 +0.04818118198345047037 -0.19687640086279045715 +0.06222244078935208061 -0.07231593466700593498 
-0.15922106377686706669 -0.07175243485174168101 -0.04459341909370178464 -0.00022640075930473961 +0.05351655139585877186 
+0.07898115199446290036 -0.11759436502479911346 -0.00694533946068678128 -0.36099274351941534889 -0.35458746524401507649 
+0.10782085026741521083 -0.09057788937104221949 +0.20859161008905341417 -0.09694378473186385237 +0.24426619710769834071 
+0.09356516907182764464 +0.04166588204166103704 +0.10372891077617628353 +0.04910677781042460666 -0.03003887162815756240 
+0.10572569916830920622 -0.13170736453451251102 +0.15441626396183583125 +0.19845868002959032861 +0.00372336002985791236 
-0.07173109843894463766 +0.07432450957829359051 +0.11763702321154287378 +0.02514132371001494282 +0.01041105537969707652 
+0.16469983592034501130 -0.31704290850387273348 -0.18100634564085060774 -0.23576962185743902123 -0.03903777584294478714 
-0.05095148336315463017 +0.17404743245786871708 -0.07622039842859770764 +0.07992224055430120766 -0.00295229182414403438 
-0.15625767900603781957 -0.18972515775193077303 -0.14795795556858870601 -0.09669311411575579052 -0.20316757081271583085 
+0.11008995207968419461 +0.01252636346695125066 +0.13252314891898051008 +0.17696126579411303181 -0.18743875337249835122 
-0.35005007354630252037 -0.04686313562352318468 -0.04673765189497232353 +0.19754303459454766734 +0.28056355942474148213 
-0.06629996981221759900 +0.09141388661751047306 -0.03148210861010145717 +0.04796525793067450000 +0.08943509457252925288 
-0.17513887252261264860 +0.24538957762684482367 -0.00115598540008230756 -0.04341713878404179772 +0.07152736877828951012 
+0.11301190144115465241 -0.20938150198024824133 +0.18186597607505058938 -0.10463289659264062015 +0.12832096737135093023 
-0.01629180869069191476 +0.25051472393868950972 -0.02416362877743495965 +0.06898386293300971805 -0.04223574447612013505 
+0.07170978051848669876 -0.02807604527174839895 +0.00009121484171105768 -0.00166839579991903729 +0.02282581733937153606 
-0.15708595096229779897 -0.09961646088964341839 -0.12271303772861721915 -0.03101913321121375217 +0.18621619549437673502 
-0.34554227193773029425 -0.20965106684309181562 +0.03825668834453907485 +0.19220212617118762055 -0.05421617249182498349 
+0.10612575616300493064 +0.28381150377155778264 +0.02082043562134323206 -0.04871056807172234604 -0.07223759495320672408 
+0.00212251091945964750 +0.11887956303619162668 -0.27851476256665036457 +0.07541881467016321727 +0.19955363006440748896 
-0.18728211707530145747 -0.01173568311995838026 +0.17749288326352610778 -0.06620056840340028670 +0.03787107630909579414 
-0.14059691251334760498 +0.00614677717370711984 +0.04477398068880009824 -0.18508458889276710457 +0.10418025619775089785 
+0.05647369782782577646 +0.15700853128788108681 -0.09510986652616093551 -0.31202149351530483745 +0.07449853466540383440 
+0.06395535977336294642 +0.01710509841063503900 -0.07549024637930248915 -0.15389016081607079234 +0.01962055290519457151 
+0.01480630233984375939 -0.10445567001677745489 -0.26729069220643475457 -0.03334654682088082633 +0.07410254413320092881 
-0.09883815548807123319 +0.00050900837445812600 -0.07411847776433284907 +0.05778745649896064457 -0.28239437387091287368 
-0.29438976924704224336 -0.01685549402597858945 +0.04756125996388813060 -0.23051278440903028022 -0.13140785213215178118 
-0.20956148685876949123 +0.24025006694075251579 -0.00674559372182065124 -0.12036732378951815747 -0.10971888180281898217 
+0.11047494460125538429 -0.23235113577564309173 +0.25991733513847137260 -0.04270973696526676744 -0.01142763105461253037 
-0.24887039123922971573 +0.00490222051245088348 +0.01232895207414399889 +0.08294649340145528182 -0.01080490839097276133 
+0.11925652129777147836 -0.03916195904699384944 -0.01545878759116068452 -0.01947651219457818828 +0.06333827856770671283 
-0.15542679155086447373 -0.42011853343247079762 -0.09546911624904066973 +0.00195324525119064396 +0.15509582302698368683 
-0.09867904526081698602 +0.06323140771464695609 -0.02353538489553805291 -0.06908497951422316874 +0.11139951046214512098 
-0.00285994267958867600 +0.10448161390687382699 +0.07904296909565149132 +0.08190898432473511792 -0.06022860140617922881 
-0.10843193519213462084 +0.08193683014092026373 +0.10186658939666043411 +0.06745961852158086081 +0.05847242086164212982 
+0.12358356180718930994 -0.10943395736546857044 -0.22279292180275919733 +0.00669047440762445163 +0.08387289810811872359 
+0.17878884103247580373 -0.14517099112598977340 +0.43537274022429173215 +0.12386596066912886061 -0.14265547017137800156 
-0.27648714586933326176 -0.08966477005489141561 -0.05937228596167958700 -0.28564167752666952405 +0.07526563914665448940 
-0.11433429505769676648 +0.04866711615018054493 +0.03152479734362259589 -0.00728041877728245398 -0.08421041139411232501 
-0.15388492619550878104 +0.05510271631600254655 +0.02935995108374656049 +0.06426291479126365613 +0.08967683431011859441 
+0.13118881412468977321 -0.07981457882713224872 -0.10825013087242942034 -0.07748208932434158536 +0.12263544155800953916 
+0.05520169208808112238 +0.05570684846997130124 -0.23105707154373539280 +0.15017522686457637771 -0.22874639677666924742 
+0.06207242232174191993 +0.33260291894949411962 -0.09054618066958211586 -0.10877606873376066687 +0.09779688982029560718 
+0.22046523216510566234 +0.27310933610823234785 +0.19129482802417185905 -0.14123238097639037592 +0.06597454074297401383 
+0.03748695716946912060 +0.17575457440745517745 -0.00985225650757737964 +0.25984438278890509277 -0.11892103844300318249 
-0.03643524416979736225 -0.19809926121706633584 +0.01540808280415497875 -0.12157255213436471419 +0.03020479669392909725 
+0.01626349848434836820 -0.04433158824242373203 +0.09475580432383437501 +0.10853693669334830985 +0.01892156874344506565 
-0.00432829805590039668 +0.19547335812772465014 +0.05185131700214488243 +0.15239075066606772024 +0.08418463092335860820 
-0.07720814656851941737 +0.00767175679218238746 +0.28314327202148192875 +0.02892029647234264922 +0.03144815888746249621 
+0.00088362051183391715 +0.03747213709972117140 -0.00454426046369286671 -0.09585956874247766879 +0.10937498878378620892 
-0.10121201962626162618 +0.23796764797843822370 -0.41853935442801160072 -0.09865510871842363139 -0.02595357294531615983 
-0.04420480381335075565 -0.04137425406925401838 +0.24385301798117708927 -0.17251860996990375785 +0.00163583564909672297 
-0.02485592766251726315 +0.03616740923678597036 -0.01947590606140467764 +0.30328370138761717723 +0.02360019756601143548 
+0.24952533451058428460 -0.26893073879660150949 -0.13662016649618857755 +0.11519654152526775936 +0.05881627854492925411 
-0.30283871072330986740 -0.04011268068191022745 +0.23973336371065995243 +0.18260003871176713752 -0.09421412112202205702 
+0.23001567257330882144 +0.29804804853239152962 +0.07786462196895160837 +0.09771225808288890036 -0.06960057751615002231 
-0.11774320084288594779 -0.06497123210617600231 +0.05782088967167203775 +0.05065692399083311648 -0.14249989833467255340 
+0.09551715158210978551 +0.00326237828583201411 +0.07326628850034117013 -0.23417529555499969063 +0.02204964830517163951 
+0.14442798892590205662 +0.13218129991181246097 -0.00964335824891024776 -0.01525121068846442551 -0.15117437836680422403 
+0.01895090268508504983 -0.00348099509288323297 -0.05027109455794712828 -0.12513332144743513630 -0.08963505644466607247 
-0.04199106675679839529 +0.17489536894822008128 +0.01563649367495107551 +0.04407078364579267854 +0.13933477253842474486 
+0.17277610918965077835 -0.25219426348453366504 +0.08977500596489070006 -0.07397830234214340661 +0.13096046955942269863 
+0.16256925671108565790 +0.09409618329049626584 -0.05206229758264505764 +0.22436079191602847915 -0.07851005050425001464 
+0.22212746899110230592 +0.06645446374385372001 -0.07566695667389164437 +0.19241431108057138744 -0.04960567152686007342 
-0.07783064398710676235 +0.01798368173043342344 +0.12033707410372466995 -0.33736133419213221174 -0.05871169598025437197 
+0.14489864356851439586 -0.15536448331732366501 -0.25714439457982579684 +0.06739704884478771307 +0.05252606127998092622 
+0.04960689866249602675 +0.19791001417348416669 +0.06314580620371029740 +0.15475583326845152032 +0.07112600828161545763 
+0.11057082346523577909 +0.06498476360129815110 -0.19989384169667517854 +0.17992695095384933501 -0.08313351687257213019 
+0.17341289082389046983 -0.08359745748053050429 +0.00071425875111178383 -0.00644546762128322612 -0.17796775799891972891 
-0.22391505321309879140 +0.05571064777878081270 -0.05151876033058030990 +0.06250405249633406157 +0.02471591684169829883 
-0.12576036148795877168 +0.04159747445222558571 +0.14056887543163631982 +0.11212123992422488861 +0.15250570672546615025 
-0.25034852947056435157 +0.07289263229307785252 +0.20787445339678831124 +0.19805406076709919372 +0.12263784875203133373 
-0.06439961889029073572 -0.04088215946135395629 -0.10435790310131631831 +0.14836051258549998177 +0.25986333362569663530 
+0.06821214407067391350 -0.13250556978437794120 +0.16756116881305163635 -0.18602647141313438661 -0.02770202405441241078 
+0.05716113591615341882 +0.00174365917796848006 +0.06964177435800142368 +0.04596574111331099000 -0.21360165549380139005 
-0.03618411438051775952 +0.16103122995715157817 -0.16769115910397711100 +0.22845771604453682380 -0.20323147541275596306 
-0.10614403091271125412 +0.01999249680587547595 +0.18547593893114217023 -0.05155777533576216820 +0.12792372987039213328 
+0.10486449123193508637 +0.12479448782666562046 +0.07158573076116517275 -0.02808291413025570948 -0.05742461520565669830 
+0.18206681013310321848 -0.13889866638361866857 -0.02723228919483013794 -0.20767874044287717994 -0.18136875558155740595 
+0.09733523783339828594 +0.09479191577244085176 +0.04051894376910365053 +0.22586462777129412416 +0.10977110754200966602 
-0.14478422248523989402 -0.16426209233156374712 +0.02761987987993030219 -0.34735671906466886183 -0.12112347029201341042 
-0.01578538647370499731 +0.20485753335999040692 -0.02867856129748354993 +0.10361262607028240423 -0.25870223483057724900 
+0.05816657219077149554 -0.08006469426347752327 +0.21713008709485920322 +0.15109525871598855629 -0.10896875144043154104 
+0.14570170462629750130 +0.03366253189755107067 +0.28825290024858712945 +0.09619430488821151259 -0.10683609117963170643 
-0.05517364453160216592 -0.00814857770737117959 -0.14887324651490435601 -0.03969762834969940007 -0.08522614726487326431 
+0.01020492357541400059 -0.07688251406569383828 +0.14907137263277858708 +0.14152882557455589985 -0.23528361131978539622 
-0.01951391969706678386 -0.14879253493400859676 +0.16645294430988355483 +0.15117651687571989627 -0.17359719988583702244 
+0.29261813057416524719 -0.09949889267697033246 +0.04761158844733155704 +0.00056980268982685200 -0.03681112916552611858 
-0.29417290502769055660 -0.08347310111312970793 +0.13461518992054913313 +0.18026093932158185340 +0.06013448892353610853 
+0.22661843455113492296 +0.15143734808426029259 -0.00296512205633730824 +0.28844117725842827182 +0.01556216189838680389 
+0.02563389859132748916 +0.00855685600897285702 +0.25027588685026114224 +0.04005630024693321994 -0.11034474562912399698 
+0.10090902056769883444 -0.02117981403051431497 -0.01531978774306599206 -0.06094492498385063739 +0.16017546672579183187 
+0.10697175422480849349 -0.09913125686024741590 -0.19992400757584075088 -0.08944363214681483321 +0.20414872191744684593 
-0.02621513937546984113 +0.15567259519746790009 -0.06694612112965739326 -0.16291870406437608532 +0.23722866925244767700 
-0.17128881811214899389 +0.00606362360776374100 -0.08547092166618329434 +0.00293095695982423677 -0.11180557524944392811 
+0.23093167211236634295 -0.01187489167155183004 +0.19321592816848884300 +0.43368175468570829834 +0.30676465929203072802 
+0.09619406663432084059 +0.06848512765704853344 +0.17669586581620388976 -0.01141205804310028993 +0.13624756977719762463 
-0.13049638417445197369 +0.11262108063128120627 -0.06542484742959735200 +0.06765977147276666659 -0.16495177540988850695 
+0.02157141185495519212 +0.02131805431902443829 -0.06823945171556251854 +0.10849823899827733265 +0.04853738492485503569 
-0.08565322149688883724 +0.14777041651363934105 +0.16743393289490451914 +0.07652508051147664803 -0.04681011185118866269 
-0.16460557275898612950 +0.02344710018485933467 +0.02591775064254177308 +0.18664077093243708338 -0.18642547963806577194 
+0.05520177043199963468 -0.09973148217594894616 -0.28252266960946192942 -0.14848230869332992854 -0.00080276946572394384 
-0.12909518267216560372 -0.12148449240430499174 -0.00055295730934997768 +0.04196551909506780059 -0.07106679687030717507 
-0.04555547257918168835 -0.15867949515232876445 +0.00742059787522479468 -0.17627644025514419002 +0.16369645641921601320 
+0.21860447941983243703 -0.16833233343781597857 -0.08616982512595920685 +0.04030456425613035409 +0.05261645970874823802 
+0.02308089298665053773 -0.18555381982926316686 +0.00611820957681864439 -0.03943432436019739251 -0.11079823614185019265 
+0.13363074610483946514 -0.10719920451911976733 +0.14605629580790679967 +0.05597126479136007443 +0.00927123257336812459 
-0.04866817230602829558 -0.12793239239157147558 -0.14977957848211603809 -0.07755546178923543310 +0.04777700488392398748 
+0.16293871466558684791 +0.01869843865786164488 -0.05233799330284558821 -0.28550616785750854154 -0.06805015441765345507 
-0.07895320554275378488 -0.09102665004624273248 +0.11908673973903131926 +0.09123941995226524104 +0.03827856337839445622 
-0.15185327868623821335 +0.16043160611048892794 -0.15233138357451891931 +0.32463228317600328898 -0.26736110773302690369 
+0.19162672247561984840 -0.05425793927401176275 +0.21519792878681454074 +0.20790191433367927187 +0.10658120027853398848 
+0.31085153317247715687 -0.11772649129680379243 -0.00893851087548839553 -0.12493035929610625534 +0.06930187311404764627 
-0.04062107550225965702 -0.09489002998573770054 -0.09230750136831619712 -0.19421723559302292439 -0.18227558659603224078 
-0.03266613376281794767 -0.07633167238270641142 -0.14654027643206021803 -0.22771711444300973826 -0.09241873071175221721 
+0.19314951731236951193 +0.13962554356778916764 +0.07987496092146061100 -0.07821763828775329941 -0.15122601895145199036 
+0.08309522170807384644 -0.02296514838355152854 +0.14567256157387883930 +0.02890474385797119072 +0.07178153133957408671 
-0.19424352593276739132 -0.02545817786143630967 -0.00794394663739128246 +0.00575237700886637848 +0.02186484803325299334 
-0.29394482450076020452 +0.24717706254005228361 -0.16780790193324468529 -0.09128057886573043289 -0.05318554341977078936 
-0.00763603645973419225 +0.08685499893061118803 -0.05141664095960170322 -0.01820678461747234772 -0.29891822180800919906 
-0.00811959284796608116 -0.33401520905896819880 -0.23527689922315481175 -0.14446722228475844529 -0.07354847730412060469 
-0.00234503122912548337 -0.02202669667359889727 +0.26960270339899600200 -0.05831413792177202182 +0.11696113756506092141 
-0.18841882734124851262 -0.05848005043990364693 -0.10319890641498141726 +0.13962280061150666999 +0.12654373988552800046 
-0.06076141412900797067 -0.08429736267380211201 -0.05734018104851308639 +0.14014822249502187357 -0.06350855358520032801 
+0.25079797928145775021 -0.08072587356967762806 +0.00958326683836283055 +0.03028404793605077999 -0.29191279479749471237 
-0.02030249847284753065 +0.07824123226820679788 +0.06402088768322476697 +0.24387647212313096068 +0.21838657302003475214 
-0.26429758157759969395 -0.08281392409305649016 -0.11855608232322875639 +0.07141004466779932169 +0.09083467403347494917 
+0.00672758698890846621 -0.01775686893565974270 -0.26310118235756557725 -0.07484620365770905392 +0.15437738828980310246 
-0.12356807904193992109 -0.05325820283914693004 +0.10213040719841870452 +0.23279399336820183475 -0.14922289012663192409 
-0.19631458929924441859 +0.13704929461255438428 -0.10512614579826776162 +0.04777103590100897218 +0.18542755267116151074 
+0.17518267050068492274 -0.09264391304518344861 -0.25776218492802477344 +0.00615506226071715554 +0.10542477328017896276 
+0.22551593825811785954 +0.07560556580140888328 +0.10669309611768801327 +0.02915751785143159275 +0.14589925774490192234 
-0.00227200374600123461 -0.05918875442572617274 +0.21253484070680567219 -0.13369768631781039914 +0.04600165944229077375 
-0.14913739935054134977 -0.19839429332314656440 -0.29581246583892917279 -0.13165949135908380785 -0.14381024492875890686 
-0.00543380347903923370 -0.04097803717566395748 +0.06921325260065658291 +0.00663287647200508888 +0.02403412075749814664 
+0.18205898619251431603 -0.17576192845512678131 +0.06240005305961379006 +0.04587428480016773891 -0.16612043643320162367 
+0.03475079458152497552 +0.07625230358882288673 +0.10853853170378847948 -0.15349136446255101651 -0.27479002124695511844 
+0.20551357275022191784 +0.05252655565371294744 +0.10758680032239635593 +0.41752145444715138556 +0.07185771071073848715 
-0.06954402280509047740 +0.08313366417623173354 +0.03689479999033464658 -0.12328407708538723087 -0.04336478737964450519 
+0.04093570630322120735 +0.15639382244118479881 -0.08407741712400072787 -0.02076653729129324111 +0.41027505892152260625 
+0.02642848441087722669 -0.05603784734284571883 -0.14536009698812082935 +0.17912214720712221760 +0.13167603585243589648 
+0.04089088134994630502 +0.02749725397386650061 -0.17320592000924739384 -0.03702412682071801187 -0.03674809701563351572 
-0.06230813093845691958 +0.08044658095208187532 -0.01232021149900833397 +0.00582455496208652244 -0.04433083032562888659 
-0.08116629070559990000 -0.10303909481654303926 +0.02959414001065402422 -0.20262716577859027356 +0.05140190269810663432 
-0.01558321205101401846 +0.06617812356720925715 +0.03021499194432811577 -0.05191688338971917754 +0.10545973667212446556 
-0.22117041610265500418 -0.10169702676315095502 +0.20194711515513419364 -0.17964897561513931690 -0.13189317411406933922 
+0.24046974191017880806 -0.03806860176550704022 -0.06402769572622689365 +0.00212218782463809846 +0.07948944086714358759 
+0.13028665530013683327 +0.00919513364433736068 -0.43949963802233060761 -0.14995195379392323165 -0.22249149173990986905 
-0.07170692132972954214 +0.14457321193002770077 +0.08565669473891969476 +0.13569841734605789241 -0.20889991388736514621 
-0.10909044094321988794 +0.19451143544899351934 -0.06368444220117179533 -0.14105744404227688049 +0.12557730444222950372 
-0.05132235863956368521 +0.00988187249146267252 +0.20269845369019598436 -0.14592120015038576031 -0.03451154589610545831 
+0.08928008610712494242 -0.06113639034467779898 -0.16300091741312211502 +0.05200271844732090587 +0.10377323496150035742 
-0.02060584374567107219 +0.13780053922843410463 +0.14046977516258030150 +0.27359031478166428997 -0.01758614716589758376 
-0.15339236630899324987 -0.01893290621468336765 +0.08966141155357205961 +0.14979424467182009262 +0.21063172008080330300 
+0.12356519311109756543 +0.01541136883698028016 -0.45619297752726734041 -0.16320419068759425829 +0.04179080094379411525 
+0.00015835136270530344 +0.10891389770390419445 -0.00588541797592803499 +0.02358357970627256162 -0.00395477600651206532 
-0.09690247136742824452 +0.08687623895433553567 +0.17017442101409471777 -0.01581886212196564195 +0.00046536699462700905 
+0.10184461611976140805 -0.00524273107083948406 +0.32010923073235142411 +0.00651752388044016685 +0.01872672827414682481 
-0.08552703064169872582 +0.06035839637006304437 -0.17167461459841212856 +0.03094165415508811495 -0.15694868948152207455 
-0.05056967302356513844 +0.09953041405561988131 -0.08812104831619139989 -0.10162371110852068401 -0.09601802127245392948 
-0.09371853716418672431 +0.33581882598133316886 -0.04385806704473210055 +0.02072355014150051647 +0.08045549220090543463 
-0.01927511281657830200 +0.16339353767301184606 -0.08572498174071646604 +0.07995525691405140634 +0.11987020148370094996 
+0.03528467834817764631 +0.30394950518031355058 +0.26665473938750217098 +0.11401223428709690577 +0.09108846487759100774 
+0.09731018040236238953 -0.12188913791364854033 +0.03259103107801406690 +0.20334882382790706035 +0.08954228198089936308 
+0.20223714123965871869 -0.03550610250945735596 -0.02204510775174456025 +0.19199053979237881706 +0.28134320988059363655 
+0.08655074440986140760 -0.20332313704598944937 -0.01935839776995423867 +0.06275484954846512198 +0.01893672645655262304 
+0.00721681568499080855 +0.06464645128382504047 -0.03279793465612470399 -0.14639378296839622440 +0.09439094793047887733 
-0.10699965757457265136 +0.17454887937412175147 +0.15934920553367876161 +0.01955334654285192930 -0.27455424314668064323 
-0.11276222221954608493 +0.27348647952990851051 +0.09195192794354171972 +0.02689215871558428214 -0.08500768928994745233 
-0.03609648462918973316 -0.13736225643957428177 -0.14436072261002338979 +0.16149083446247794460 -0.08921454526136705920 
+0.09683589925116048436 -0.06029288309478252755 +0.06143785652900336791 -0.00179332179567861291 +0.18272610730432106707 
+0.29038308555910957720 +0.01006873615486937601 -0.01081947980858521605 +0.04983871787728016978 -0.21035639765297195480 
-0.00894183192880677880 -0.30802133164770317819 +0.02896607994103822525 +0.19356360211186302012 +0.20169155326858906330 
-0.17493348438148059731 +0.11333515955097619998 -0.08328499925924245928 -0.19167038744179945575 -0.08128858504501083881 
+0.05404049048788786558 -0.09986491455936057082 +0.15481824383492054364 -0.02555356440918717456 +0.03416407626761044924 
-0.05690113425009114823 +0.12388711816464420545 -0.06989626351811159544 +0.05502756669718997240 -0.18669289845524231208 
-0.09598440155568226106 -0.07244553921574263533 +0.05688989201426131181 +0.11403842883550206755 -0.10435682587626404771 
-0.25476760088944316873 +0.08066733257861288808 -0.01041388665072613857 +0.00151560884295550737 -0.26554061679673729435 
+0.07180681074245832962 -0.02330403714919922903 +0.06988168359045011935 +0.22425735180916928080 -0.28984341968349403018 
+0.18558626927749702351 +0.10487374974991384158 -0.13752626211885385366 -0.15742400575245715788 -0.11866659357801696839 
+0.08908345692541684568 +0.34958462616196239736 -0.04687930863547302984 +0.10404309046866444532 +0.00974722607353126040 
-0.02360247962468545180 +0.34181641633175996464 -0.00189596292971725582 -0.01272063460009556154 -0.03005694221323527981 
-0.02764309916319002830 -0.19644935478815717111 -0.23854323274379643505 -0.10852039008868388792 -0.06886004160459549550 
-0.06903408770408470119 -0.11133445388736008808 -0.17265579118319213103 +0.05151955305236838312 -0.13458818108482420439 
+0.04241684630008716456 +0.22316692696406731367 -0.33028180604090734418 -0.00959645420148746466 -0.01376031421887168385 
+0.16703373485453662517 +0.04064804234434274410 -0.12536368999986446937 -0.11445196698124943113 +0.14504731405330667515 
+0.00926458421392650430 -0.33897261620200885845 -0.17957146870777968006 +0.15594493060131775497 +0.15643510618951672608 
-0.03249939310561798800 -0.02140190457538067997 -0.00379541976823618774 -0.07149686758025056155 -0.03876433041887299147 
+0.18992642727718189732 -0.05074953148785919799 +0.02230657280976394014 -0.00448065434446708565 -0.05561077677128135888 
+0.41970240007665021720 +0.13881004587377521187 +0.17219595070455354091 +0.06715041857472295317 +0.16174110545056535893 
+0.06529250628761906761 +0.06355047426166539337 -0.06865913109422461247 +0.03737183255854094333 +0.04218522677298296164 
-0.02621702273417033519 -0.18716032151806527573 -0.10275121645877526022 +0.20553608070418682985 -0.06554514328877805718 
-0.14490114663562739250 -0.07699352991793131928 -0.08417809053010549825 +0.19402899994146485807 +0.09515201946758368445 
-0.05190886609596816192 +0.01564890543303642037 +0.06597612508709203849 +0.08811092982671374363 -0.04134234558796716363 
-0.03553231138763695424 -0.08380255471236128240 -0.13219639353746320820 +0.05701400342205881211 +0.01220959311842723972 
+0.26062258432404933339 -0.36701345047059158455 -0.26817758082009113263 +0.15203048506739316736 -0.13514753759525061083 
+0.12573557859567791040 -0.07587383819651413730 -0.07520231945076319424 -0.15236204070103004371 -0.05585860730358926246 
-0.04866508001491789970 -0.12430496509081689904 -0.12726828443718313233 -0.01301258871060689132 +0.19300145740319468723 
+0.16280797637790281329 -0.20612620834198053243 -0.05888611487830254509 +0.12202909830709510186 -0.00131561552744314386 
+0.09232617377779515910 -0.07827972111943053146 -0.34537419873740038412 -0.06446463120972721617 -0.15425198031704487334 
-0.10338084866070197665 +0.04154005785752383495 +0.03679118750794230924 -0.17725643670865753876 -0.09976212457119891519 
+0.23847054174687346007 -0.00054098856764213030 +0.00019506571931769104 -0.07966992974003571371 +0.15002114848637754241 
-0.22786544254681620481 +0.03841356299168206812 +0.03147901257184153312 +0.06804108889287525941 -0.25306539134810068781 
+0.23663947184686398573 -0.15409586349856080334 -0.08062999059740517949 +0.32452903580185926691 -0.08988208216708472309 
-0.19844354332138569585 -0.10977335553438272164 -0.04940194390575214367 -0.06274417048672249753 +0.14474857002977836729 
-0.28705415276426510252 -0.13250064447363452125 +0.11926732643440270121 +0.18881522379195625483 -0.16914164842166948266 
+0.10217338564609376728 -0.09051993974490045447 +0.04547339732726908557 -0.15676012211247528083 +0.15895805593198522598 
-0.13290406406551813490 -0.16172988490997886046 +0.04578360438373298841 +0.21370841818574018434 +0.02585821421702526324 
+0.15158571315656094169 +0.08067091549471827605 +0.03528547728777208653 +0.27365159029403240964 -0.15642970468652361848 
+0.04238012195144436750 +0.07083075215116035883 +0.26438104539282347716 -0.06164259100817045395 -0.04109410322135775839 
+0.11535548847289407715 -0.03371060884235214938 -0.22722491923279891646 -0.01039464060791093353 -0.22038301028129581027 
-0.12006316234565821144 +0.01793946598545205495 +0.05752863955710610377 -0.01889043405790320068 -0.11276212492488099648 
+0.06389658236118390955 +0.09549002954524163367 +0.07838601374517126241 -0.01121608591016713501 -0.05225963118978104588 
-0.03863667212073199769 +0.00749511723991365050 +0.14789860927705622551 +0.33709211762488783259 -0.14306647474645839413 
+0.05646700131454675253 -0.08283527788305003470 +0.15730473408380332700 -0.18156203915154325856 +0.00294897644883663698 
-0.06498737777896551604 +0.19031253764445771326 +0.06323639763891299170 -0.07128943554124722581 -0.05576678883887352389 
+0.01387063009539815997 -0.14231902135213422844 +0.09518568925537948533 +0.05403030239729088302 +0.08403501392897717859 
-0.23031939451951619069 +0.34528037607817624322 -0.11069135364975318803 +0.18067353808609401544 +0.22182344337423406944 
+0.02466498921691853002 +0.12189772314049514279 +0.06104401409334753864 -0.18062251596557904465 +0.23528213973623363087 
+0.02472632478031386652 +0.09619853616305587551 -0.27843616414462551978 -0.01256930822815511932 +0.00242743267513135380 
-0.06844056594929245896 +0.11050341612643752032 -0.00378810402754869990 +0.03652797372924572461 -0.19815564664328905176 
+0.00737113895224549009 -0.10212492281261510707 -0.30925515262623293200 +0.11265228447707317794 +0.09491873133971126530 
+0.09495535610951995331 -0.11429948291268259009 +0.04277100790433796540 +0.09961825286784536937 -0.04819504497839189466 
+0.02324921833353596826 +0.18674906740900176771 -0.19019751047977501157 +0.03685777690508558468 -0.17961166019615187883 
+0.03706484316660998285 +0.01412318476605511214 -0.04516790485626813456 -0.02421024660140672774 -0.02094117367408205449 
+0.00675247434897631969 -0.03708272903587286895 -0.14870130796974517784 +0.13281526763182990858 -0.24042119067170350522 
-0.19644382421448403075 -0.24368774936620438143 -0.02474822513105748648 -0.01731372128809521849 +0.37169591536630619544 
+0.24649966696477249029 -0.01283162641781292537 +0.00238548364400038501 -0.12371967721326428136 -0.23023473711864975155 
-0.03999270832519901536 +0.24926985914701363378 +0.09242458761456157079 -0.05106643689310634560 +0.32272710534471227284 
-0.18504328927226140755 -0.07232592751552183175 +0.04298534803308735192 -0.05324643970972693652 -0.00459317634253954277 
-0.19905252088917987918 -0.00456471942817239344 -0.05624907898629552538 +0.12007232806435630401 +0.05566887418464934456 
+0.10619068562435098058 +0.16810391728891183050 -0.04019625719034211619 +0.01425306611214403885 -0.00622822632206258830 
+0.01548043701274820494 +0.20396177657325301191 -0.15779349701403805328 -0.01942121570039741230 -0.18121860604810607898 
-0.06167409259423034529 +0.03996860646131641243 -0.09652789722625312874 +0.02366615367374520426 +0.15952240611207177401 
+0.08798320804030473896 -0.21435938316882791055 +0.08297537809738277093 +0.09590668701289006837 -0.00330744426811485637 
+0.12141248488152690810 -0.08171022427561769330 +0.16350373594436051761 +0.01738629405514248785 +0.09473504399145311894 
+0.23806158078928355004 -0.28862354905204573585 +0.07101405487708412068 -0.13551242228922033561 +0.17518491969914051776 
+0.12192071257030948073 -0.15013893799934419082 +0.20224538858812762809 -0.08337480625416239521 -0.06055281115848409890 
+0.10042583492995454941 -0.12628319874658505695 +0.06593481159141531545 -0.14178229303789829929 +0.09411128076609974469 
-0.11851476147060560629 +0.22726282756751409186 -0.14099970763905284032 -0.01695126874227567693 -0.03119767669675821420 
+0.25772233415478940088 -0.01216442306779563255 -0.02519968866517047212 -0.22645423321096813662 +0.13983329933925103816 
-0.34788173154080193061 +0.12042712605767125211 -0.04294602178306329565 -0.02404332754041145492 +0.23703381380532556610 
+0.17546149834868346451 -0.16599016100135235985 -0.08422533881186582139 +0.07257082157403312028 -0.00380094044490998043 
-0.05294542756891856133 +0.00163177266841762385 +0.19945617653767103161 +0.11189169903971422915 -0.04802453604949389471 
+0.03036976904916075665 +0.07721133012936656770 -0.12110349778018289491 +0.24002800422643566503 -0.07006327459065159191 
-0.26445818127085102267 -0.00789257054121073401 -0.09914599396519131747 +0.10391267765043950277 -0.22107619533043354476 
+0.01163716121820196001 +0.09052572491859231518 +0.15621303390624968754 +0.10941080918205248196 +0.06278085045171820366 
-0.00905024242450857067 -0.17001899797848149531 -0.09509113691631040921 -0.00751223205056780058 +0.12770887568370645204 
+0.07540165299489828832 +0.05381779550644298638 -0.28453250884456776637 -0.13165480598982812199 -0.02394733730796739721 
-0.08609851642564739227 +0.06136864372522030098 +0.15471147693596823403 -0.29233097945405928098 +0.06475450875192674538 
-0.04415700740665175900 -0.05859785549241884606 -0.01616545759303456356 +0.08645223706837353028 +0.35699947106292168053 
-0.02282375014302023830 -0.07908212229176567187 -0.17648599913333651301 -0.16716427867694813592 +0.09403074240299129360 
-0.13016727142647688265 -0.37080886890881514795 -0.10816425285996530969 +0.03643067861714372607 +0.03180199368953944700 
+0.08174357367683543485 -0.13072671153572937297 +0.05091831621622976145 +0.26909806422253268465 +0.04433951760728200436 
+0.14679202142411812426 -0.14250628852220478815 -0.09698718883943115154 -0.00040260203755472263 -0.19678359970188250005 
+0.13231027098641104378 -0.01540351866135299987 -0.03521890212020151872 -0.24777012246165078246 +0.11102174280950648233 
-0.12787332064596260151 +0.23322487933245705793 +0.19259996046140054338 -0.25687155181262560921 +0.07746918863270062239 
+0.01351962427774370742 -0.07860190722160016741 -0.32621350322191705606 -0.05489331774648262274 -0.16259527467644765975 
-0.14234801777837161052 +0.00007349980160037231 +0.17325996094335394115 -0.25818173197706251187 -0.10039587269479061105 
+0.19657533791349668384 +0.01226399670540450661 +0.14016737623601083218 +0.01194972253663207848 -0.03137531809363518220 
+0.13366536761348069007 +0.12209386816914978569 +0.02257939135421933516 +0.05215574228198871509 -0.05814650344653868319 
-0.09286214541297357905 +0.07823819248092260537 -0.04664974343574686266 -0.25286120043036675042 -0.04665465741286901197 
-0.08166086987758137961 +0.08054399640800966043 -0.15221209529838877761 -0.00287971952412263872 -0.22176554811408819012 



